-416.798,1,94352
-414.240,1,94581
-411.683,1,94886
-409.128,1,95003
-406.575,1,95131
-404.023,1,95537
-401.472,1,95880
-398.923,1,95853
-396.376,1,95975
-393.830,1,96459
-391.286,1,96564
-388.743,1,96683
-386.202,1,96808
-383.662,1,96602
-381.124,1,96678
-378.587,1,96979
-376.052,1,97079
-373.519,1,97359
-370.986,1,97612
-368.456,1,97940
-365.927,1,98305
-363.399,1,98464
-360.873,1,98877
-358.349,1,98937
-355.826,1,99342
-353.304,1,99465
-350.784,1,99174
-348.266,1,99181
-345.749,1,99251
-343.233,1,99557
-340.719,1,99800
-338.207,1,99700
-335.696,1,100398
-333.186,1,101029
-330.678,1,101008
-328.172,1,101204
-325.667,1,101597
-323.164,1,101480
-320.662,1,101638
-318.161,1,101548
-315.662,1,101849
-313.165,1,102030
-310.669,1,102357
-308.174,1,103003
-305.682,1,103317
-303.190,1,104026
-300.700,1,104759
-298.212,1,105674
-295.725,1,106581
-293.239,1,107155
-290.755,1,107322
-288.272,1,108126
-285.791,1,108094
-283.312,1,107955
-280.834,1,108112
-278.357,1,108291
-275.882,1,108109
-273.408,1,108218
-270.936,1,108195
-268.465,1,108325
-265.996,1,108760
-263.528,1,108931
-261.062,1,109355
-258.597,1,109873
-256.134,1,110439
-253.672,1,110727
-251.212,1,111484
-248.753,1,112110
-246.295,1,112824
-243.839,1,113158
-241.385,1,114446
-238.932,1,115213
-236.480,1,116016
-234.030,1,117095
-231.581,1,117874
-229.134,1,118611
-226.688,1,119453
-224.244,1,120380
-221.801,1,121540
-219.360,1,122475
-216.920,1,123503
-214.481,1,124945
-212.044,1,125889
-209.609,1,126978
-207.175,1,128521
-204.742,1,130113
-202.311,1,132064
-199.881,1,133421
-197.453,1,135987
-195.026,1,137935
-192.601,1,140155
-190.177,1,142425
-187.754,1,145785
-185.333,1,148109
-182.913,1,151237
-180.495,1,156130
-178.078,1,159666
-175.663,1,162465
-173.249,1,168115
-170.837,1,177250
-168.426,1,181640
-166.016,1,187528
-163.608,1,200053
-161.201,1,215260
-158.796,1,220579
-156.392,1,231845
-153.990,1,264802
-151.589,1,281271
-149.189,1,290907
-146.791,1,320951
-144.395,1,377902
-141.999,1,376965
-139.605,1,390131
-137.213,1,466208
-134.822,1,530408
-132.432,1,528455
-130.044,1,602889
-127.657,1,918660
-125.272,1,1063340
-122.888,1,1216627
-120.506,1,1906253
-118.125,1,3324616
-115.745,1,3481919
-113.367,1,3932018
-110.990,1,4866404
-108.615,1,5458942
-106.241,1,5421480
-103.868,1,5775115
-101.497,1,6553500
-99.127,1,6553500
-96.759,1,6277111
-94.392,1,6311450
-92.026,1,6398989
-89.662,1,5851709
-87.299,1,4426345
-84.938,1,4288524
-82.578,1,3922893
-80.220,1,1809856
-77.862,1,833606
-75.507,1,716325
-73.152,1,605337
-70.799,1,523017
-68.448,1,503684
-66.098,1,489652
-63.749,1,455276
-61.402,1,424157
-59.056,1,398957
-56.711,1,366685
-54.368,1,336152
-52.026,1,312505
-49.686,1,283140
-47.347,1,255166
-45.009,1,233067
-42.673,1,214000
-40.338,1,195406
-38.004,1,177069
-35.672,1,162776
-33.342,1,152850
-31.012,1,144739
-28.684,1,136769
-26.358,1,130783
-24.033,1,126685
-21.709,1,122760
-19.386,1,119286
-17.065,1,116478
-14.746,1,113931
-12.427,1,111528
-10.110,1,109553
-7.795,1,106896
-5.481,1,104285
-3.168,1,101587
-0.856,1,98922
1.454,1,96272
3.762,1,93580
6.070,1,91709
8.376,1,90369
10.680,1,88763
12.984,1,87667
15.286,1,86666
17.586,1,85778
19.885,1,85187
22.183,1,84481
24.479,1,83943
26.775,1,83442
29.068,1,83130
31.361,1,82773
33.652,1,82420
35.941,1,82252
38.230,1,82098
40.517,1,82181
42.802,1,82030
45.086,1,82010
47.369,1,82077
49.651,1,82387
51.931,1,82519
54.210,1,82619
56.487,1,83384
58.763,1,84396
61.038,1,85351
63.312,1,86784
65.584,1,89440
67.855,1,93920
70.124,1,98118
72.392,1,100510
74.659,1,104388
76.924,1,108041
79.188,1,110758
81.451,1,111822
83.713,1,111676
85.973,1,112126
88.231,1,110939
90.489,1,109226
92.745,1,106345
94.999,1,104442
97.253,1,102471
99.505,1,101155
101.756,1,100446
104.005,1,99884
106.253,1,99382
108.500,1,99668
110.745,1,100193
112.989,1,100860
115.232,1,102087
117.474,1,103647
119.714,1,104904
121.953,1,106586
124.190,1,108195
126.426,1,109637
128.661,1,112171
130.895,1,113811
133.127,1,115837
135.358,1,117719
137.587,1,119804
139.815,1,122110
142.042,1,123827
144.268,1,125215
146.492,1,126696
148.715,1,128490
150.937,1,129737
153.157,1,131559
155.376,1,133483
157.594,1,133904
159.811,1,134913
162.026,1,136113
164.240,1,136768
166.452,1,137903
168.663,1,139781
170.873,1,141618
173.082,1,143220
175.289,1,144506
177.495,1,145457
179.700,1,145688
181.904,1,146454
184.106,1,147684
186.306,1,150063
188.506,1,151628
190.704,1,154158
192.901,1,156283
195.097,1,157125
197.291,1,157731
199.484,1,158082
201.676,1,158399
203.866,1,159265
206.056,1,160840
208.244,1,162958
210.430,1,164981
212.615,1,167371
214.800,1,169104
216.982,1,170570
219.164,1,170754
221.344,1,171230
223.523,1,171905
225.700,1,172649
227.877,1,173901
230.052,1,176179
232.226,1,178345
234.398,1,180664
236.569,1,182667
238.739,1,183562
240.908,1,184698
243.075,1,184784
245.241,1,185124
247.406,1,186055
249.570,1,187042
251.732,1,188597
253.893,1,190410
256.053,1,192174
258.211,1,193631
260.368,1,195231
262.524,1,195916
264.679,1,195765
266.832,1,196421
268.985,1,196880
271.135,1,198027
273.285,1,198954
275.433,1,200830
277.580,1,202038
279.726,1,203032
281.871,1,204451
284.014,1,204542
286.156,1,205214
288.297,1,205704
290.436,1,205752
292.575,1,205760
294.712,1,207162
296.847,1,208132
298.982,1,208869
301.115,1,210084
303.247,1,210453
305.378,1,210752
307.507,1,211278
309.635,1,211416
311.762,1,211864
313.888,1,211997
316.013,1,212447
318.136,1,213493
320.258,1,213769
322.379,1,214841
324.498,1,215647
326.616,1,215803
328.733,1,216334
330.849,1,216320
332.964,1,216606
335.077,1,216952
337.189,1,217450
339.300,1,217995
341.409,1,218147
343.517,1,218793
345.625,1,219361
347.730,1,219931
349.835,1,220422
351.938,1,220152
354.040,1,220935
356.141,1,220517
358.241,1,221114
360.339,1,221656
362.437,1,221734
364.533,1,221953
366.627,1,222597
368.721,1,223005
370.813,1,223601
372.904,1,223892
374.994,1,223915
377.082,1,224166
379.170,1,224469
381.256,1,225089
383.341,1,224993
385.425,1,225958
387.507,1,225990
389.588,1,226375
391.668,1,226163
393.747,1,226710
395.825,1,226609
397.901,1,227743
399.976,1,227553
402.050,1,227953
404.123,1,228425
406.194,1,228589
408.265,1,228507
410.334,1,227977
412.402,1,229673
414.468,1,229553
416.534,1,229607
418.598,1,229933
420.661,1,230058
422.723,1,230340
424.783,1,231346
426.843,1,231264
428.901,1,231899
430.958,1,231247
433.014,1,232130
435.068,1,232684
437.122,1,232661
439.174,1,232548
441.225,1,233035
443.274,1,233335
445.323,1,233622
447.370,1,233878
449.416,1,233787
451.461,1,234448
453.505,1,234298
455.548,1,234751
457.589,1,235019
459.629,1,235094
461.668,1,235232
463.706,1,235581
465.742,1,235623
467.778,1,235810
469.812,1,235959
471.845,1,236128
473.877,1,236885
475.907,1,236910
477.937,1,237107
479.965,1,237680
481.992,1,237820
484.018,1,237805
486.043,1,238294
488.066,1,238145
490.088,1,238634
492.110,1,238774
494.129,1,238914
496.148,1,239048
498.166,1,240094
500.182,1,239690
502.197,1,240198
504.211,1,240202
506.224,1,240301
508.236,1,239940
510.246,1,240735
512.256,1,241180
514.264,1,241169
516.271,1,241280
518.277,1,241625
520.281,1,241572
522.285,1,241826
524.287,1,242198
526.288,1,242123
528.288,1,242025
530.287,1,242474
532.284,1,242645
534.281,1,243143
536.276,1,243149
538.270,1,243543
540.263,1,243931
542.255,1,243925
544.245,1,243536
546.235,1,244284
548.223,1,244125
550.210,1,244848
552.196,1,244950
554.180,1,244886
556.164,1,245128
558.146,1,245657
560.128,1,245987
562.108,1,246358
564.087,1,246483
566.065,1,246298
568.041,1,247217
570.017,1,247203
571.991,1,247477
573.964,1,247435
575.936,1,247594
577.907,1,247881
579.877,1,248009
581.845,1,248143
583.813,1,248453
585.779,1,248969
587.744,1,248744
589.708,1,249275
591.671,1,249869
593.632,1,249848
595.593,1,249977
597.552,1,250389
599.510,1,250305
601.468,1,250753
603.423,1,250878
605.378,1,251281
607.332,1,251309
609.284,1,251945
611.236,1,251274
613.186,1,251667
615.135,1,252120
617.083,1,252102
619.030,1,252069
620.975,1,252552
622.920,1,252767
624.863,1,252701
626.805,1,253182
628.747,1,253392
630.686,1,253474
632.625,1,253916
634.563,1,253638
636.500,1,254037
638.435,1,254351
640.369,1,254830
642.302,1,254606
644.234,1,254890
646.165,1,255386
648.095,1,255253
650.024,1,255897
651.951,1,255989
653.878,1,255612
655.803,1,255510
657.727,1,256217
659.650,1,256615
661.572,1,256373
663.493,1,256893
665.412,1,256859
667.331,1,256729
669.248,1,256964
671.165,1,257309
673.080,1,257377
674.994,1,257904
676.907,1,257737
678.818,1,257872
680.729,1,258568
682.639,1,258137
684.547,1,258904
686.454,1,258435
688.361,1,258915
690.266,1,259038
692.170,1,259203
694.073,1,259874
695.974,1,260264
697.875,1,260498
699.775,1,259998
701.673,1,260167
703.570,1,260763
705.467,1,260949
707.362,1,260622
709.256,1,261067
711.149,1,260578
713.040,1,260949
714.931,1,261248
716.821,1,261332
718.709,1,261183
720.596,1,261946
722.483,1,261724
724.368,1,261882
726.252,1,262005
728.135,1,262391
730.017,1,262680
731.897,1,262869
733.777,1,262296
735.656,1,262147
737.533,1,262745
739.409,1,262970
741.285,1,263204
743.159,1,263031
745.032,1,263782
746.904,1,263346
748.775,1,263590
750.644,1,263429
752.513,1,264231
754.381,1,264053
756.247,1,263658
758.113,1,264556
759.977,1,264035
761.840,1,264035
763.702,1,263576
765.563,1,263746
767.423,1,264197
769.282,1,264551
771.140,1,264758
772.997,1,264775
774.852,1,265441
776.707,1,265075
778.560,1,265601
780.413,1,265427
782.264,1,265624
784.114,1,265379
785.963,1,265780
787.811,1,265753
789.658,1,265776
791.504,1,266446
793.349,1,265744
795.193,1,266399
797.035,1,266646
798.877,1,266283
800.717,1,266633
802.557,1,266625
804.395,1,266732
806.232,1,267237
808.069,1,267291
809.904,1,266783
811.738,1,266707
813.571,1,266848
815.403,1,267353
817.233,1,268304
819.063,1,268191
820.892,1,268247
822.720,1,268599
824.546,1,267827
826.372,1,268126
828.196,1,268268
830.019,1,268515
831.842,1,268822
833.663,1,268793
835.483,1,269284
837.302,1,268879
839.120,1,269217
840.937,1,268942
842.753,1,269256
844.568,1,270338
846.382,1,270963
848.194,1,270516
850.006,1,271047
851.817,1,271302
853.626,1,271353
855.435,1,271184
857.242,1,271495
859.048,1,271566
860.854,1,271038
862.658,1,271127
864.461,1,271649
866.263,1,270948
868.064,1,271253
869.864,1,270539
871.663,1,271095
873.461,1,270795
875.258,1,271031
877.054,1,270653
878.849,1,271249
880.643,1,270925
882.435,1,271360
884.227,1,270746
886.017,1,271418
887.807,1,271255
889.596,1,271155
891.383,1,271262
893.169,1,271532
894.955,1,271836
896.739,1,271592
898.522,1,271631
900.305,1,272039
902.086,1,272102
903.866,1,271776
905.645,1,272267
907.423,1,272417
909.200,1,271924
910.976,1,271978
912.751,1,272432
914.525,1,272361
916.298,1,272382
918.070,1,272511
919.840,1,272352
921.610,1,272410
923.379,1,272884
925.147,1,272868
926.913,1,272662
928.679,1,272428
930.443,1,273217
932.207,1,272842
933.969,1,272714
935.731,1,272886
937.491,1,273609
939.251,1,273218
941.009,1,273047
942.767,1,273890
944.523,1,273031
946.278,1,273580
948.033,1,273643
949.786,1,273356
951.538,1,273796
953.289,1,273402
955.040,1,273407
956.789,1,273710
958.537,1,274049
960.284,1,274301
962.030,1,273632
963.775,1,274225
965.519,1,274132
967.262,1,274188
969.004,1,274024
970.745,1,274050
972.485,1,273982
974.224,1,274615
975.962,1,274381
977.699,1,274486
979.435,1,274727
981.170,1,274506
982.904,1,274161
984.636,1,274015
986.368,1,274590
988.099,1,274594
989.829,1,274413
991.558,1,274340
993.286,1,273991
995.012,1,274304
996.738,1,274398
998.463,1,274633
1000.187,1,274663
1001.909,1,274822
1003.631,1,274493
1005.352,1,274791
1007.071,1,274640
1008.790,1,275341
1010.508,1,275060
1012.225,1,274851
1013.940,1,274378
1015.655,1,277062
1017.369,1,275065
1019.081,1,275289
1020.793,1,275037
1022.504,1,275076
1024.213,1,275444
1025.922,1,275557
1027.630,1,275538
1029.336,1,275386
1031.042,1,275817
1032.747,1,275682
1034.450,1,275389
1036.153,1,275388
1037.855,1,275111
1039.555,1,274922
1041.255,1,275183
1042.954,1,275932
1044.651,1,275401
1046.348,1,274920
1048.044,1,275168
1049.738,1,275501
1051.432,1,275420
1053.125,1,275538
1054.817,1,275580
1056.507,1,275782
1058.197,1,275597
1059.886,1,275780
1061.574,1,275252
1063.260,1,275698
1064.946,1,275303
1066.631,1,275588
1068.315,1,275387
1069.998,1,275935
1071.679,1,275784
1073.360,1,275942
1075.040,1,275755
1076.719,1,275903
1078.397,1,275336
1080.074,1,275129
1081.750,1,275088
1083.425,1,275202
1085.099,1,275033
1086.772,1,274610
1088.444,1,274879
1090.115,1,275131
1091.785,1,275369
1093.454,1,274849
1095.122,1,275068
1096.789,1,275343
1098.455,1,274692
1100.120,1,275353
1101.784,1,274664
1103.448,1,275014
1105.110,1,274588
1106.771,1,275137
1108.431,1,274331
1110.091,1,274636
1111.749,1,274738
1113.406,1,274360
1115.063,1,274497
1116.718,1,274714
1118.372,1,274239
1120.026,1,274195
1121.678,1,273972
1123.330,1,274056
1124.980,1,274464
1126.630,1,274323
1128.279,1,273478
1129.926,1,273947
1131.573,1,273893
1133.219,1,274151
1134.863,1,273953
1136.507,1,274361
1138.150,1,273676
1139.792,1,274288
1141.433,1,274426
1143.073,1,273361
1144.712,1,273741
1146.350,1,273841
1147.987,1,274223
1149.623,1,273749
1151.258,1,273813
1152.892,1,273799
1154.525,1,273388
1156.157,1,273809
1157.789,1,273480
1159.419,1,272998
1161.048,1,273438
1162.677,1,273089
1164.304,1,272130
1165.931,1,272775
1167.556,1,272631
1169.181,1,272351
1170.804,1,272511
1172.427,1,272089
1174.049,1,272271
1175.669,1,272728
1177.289,1,272047
1178.908,1,272297
1180.526,1,272101
1182.143,1,272350
1183.759,1,272095
1185.374,1,272898
1186.988,1,272401
1188.601,1,272354
1190.213,1,272325
1191.825,1,271521
1193.435,1,271722
1195.044,1,271862
1196.653,1,272182
1198.260,1,271615
1199.867,1,271727
1201.472,1,271608
1203.077,1,271253
1204.681,1,270945
1206.283,1,271251
1207.885,1,270575
1209.486,1,270976
1211.086,1,270368
1212.685,1,270257
1214.283,1,270662
1215.880,1,270633
1217.476,1,270869
1219.071,1,269997
1220.666,1,270581
1222.259,1,270320
1223.851,1,270399
1225.443,1,270192
1227.033,1,270083
1228.623,1,269574
1230.212,1,269627
1231.799,1,269926
1233.386,1,269255
1234.972,1,269328
1236.557,1,269874
1238.141,1,269686
1239.724,1,269583
1241.306,1,269702
1242.887,1,269057
1244.467,1,269317
1246.047,1,269360
1247.625,1,268658
1249.202,1,268932
1250.779,1,268784
1252.355,1,268609
1253.929,1,268698
1255.503,1,268541
1257.076,1,268844
1258.648,1,268176
1260.219,1,268505
1261.789,1,268425
1263.358,1,267827
1264.926,1,268674
1266.493,1,268685
1268.060,1,267863
1269.625,1,268072
1271.189,1,267907
1272.753,1,267681
1274.316,1,267491
1275.877,1,267445
1277.438,1,266959
1278.998,1,267190
1280.557,1,266929
1282.115,1,267012
1283.672,1,266845
1285.228,1,266463
1286.784,1,266266
1288.338,1,266325
1289.891,1,266759
1291.444,1,266000
1292.996,1,265946
1294.546,1,265762
1296.096,1,265445
1297.645,1,265696
1299.193,1,265831
1300.740,1,264967
1302.286,1,265403
1303.831,1,264888
1305.376,1,264988
1306.919,1,264994
1308.461,1,264373
1310.003,1,264742
1311.544,1,264425
1313.083,1,264543
1314.622,1,264340
1316.160,1,264199
1317.697,1,263819
1319.233,1,263612
1320.768,1,264049
1322.303,1,263823
1323.836,1,263100
1325.369,1,263131
1326.900,1,263136
1328.431,1,262815
1329.961,1,262786
1331.489,1,262531
1333.017,1,262582
1334.544,1,262271
1336.071,1,262874
1337.596,1,261769
1339.120,1,261904
1340.644,1,262256
1342.166,1,261761
1343.688,1,261680
1345.208,1,261723
1346.728,1,261321
1348.247,1,261329
1349.765,1,261219
1351.282,1,260720
1352.799,1,260907
1354.314,1,260238
1355.828,1,260399
1357.342,1,260481
1358.855,1,260088
1360.366,1,259981
1361.877,1,260290
1363.387,1,259450
1364.896,1,259714
1366.404,1,258908
1367.912,1,259093
1369.418,1,259017
1370.924,1,258928
1372.428,1,258979
1373.932,1,258483
1375.435,1,258482
1376.937,1,258588
1378.438,1,258322
1379.938,1,258059
1381.437,1,257709
1382.936,1,257742
1384.433,1,257162
1385.930,1,257575
1387.425,1,257038
1388.920,1,256759
1390.414,1,256534
1391.907,1,256662
1393.399,1,256256
1394.891,1,256431
1396.381,1,256314
1397.871,1,255625
1399.359,1,255366
1400.847,1,255540
1402.334,1,255043
1403.820,1,254860
1405.305,1,254866
1406.789,1,254017
1408.273,1,254301
1409.755,1,254035
1411.237,1,253930
1412.717,1,253862
1414.197,1,253847
1415.676,1,253134
1417.154,1,253318
1418.631,1,253138
1420.108,1,252827
1421.583,1,253182
1423.058,1,252742
1424.531,1,253156
1426.004,1,251638
1427.476,1,251556
1428.947,1,252197
1430.417,1,251660
1431.887,1,251448
1433.355,1,251398
1434.823,1,250931
1436.289,1,250879
1437.755,1,250535
1439.220,1,250207
1440.684,1,250751
1442.147,1,249708
1443.610,1,250399
1445.071,1,250175
1446.532,1,249778
1447.991,1,249297
1449.450,1,249804
1450.908,1,249229
1452.365,1,248931
1453.822,1,249341
1455.277,1,248777
1456.731,1,248393
1458.185,1,247968
1459.638,1,247860
1461.090,1,247574
1462.541,1,247226
1463.991,1,247253
1465.440,1,246781
1466.889,1,246672
1468.336,1,246356
1469.783,1,245775
1471.229,1,245855
1472.674,1,245671
1474.118,1,245603
1475.561,1,245549
1477.004,1,244663
1478.446,1,244631
1479.886,1,244357
1481.326,1,244201
1482.765,1,244097
1484.203,1,244054
1485.640,1,243878
1487.077,1,243987
1488.512,1,243847
1489.947,1,243139
1491.381,1,242792
1492.814,1,242879
1494.246,1,242516
1495.677,1,241719
1497.108,1,241709
1498.537,1,241640
1499.966,1,241665
1501.394,1,241721
1502.821,1,240822
1504.247,1,240985
1505.673,1,240746
1507.097,1,240180
1508.521,1,240483
1509.943,1,239573
1511.365,1,239482
1512.786,1,239532
1514.207,1,238903
1515.626,1,238641
1517.045,1,238452
1518.462,1,238616
1519.879,1,238255
1521.295,1,238317
1522.710,1,237603
1524.124,1,237917
1525.538,1,237241
1526.950,1,237122
1528.362,1,236712
1529.773,1,236851
1531.183,1,236631
1532.592,1,236240
1534.001,1,235802
1535.408,1,235562
1536.815,1,235461
1538.221,1,235064
1539.626,1,235126
1541.030,1,235141
1542.433,1,234561
1543.836,1,234338
1545.237,1,234224
1546.638,1,233431
1548.038,1,233668
1549.437,1,233568
1550.836,1,233212
1552.233,1,232956
1553.630,1,232485
1555.025,1,232364
1556.420,1,232633
1557.814,1,232387
1559.208,1,232078
1560.600,1,231416
1561.992,1,231468
1563.382,1,231638
1564.772,1,230978
1566.161,1,230587
1567.550,1,230717
1568.937,1,230312
1570.324,1,229873
1571.709,1,229807
1573.094,1,229679
1574.479,1,229118
1575.862,1,228940
1577.244,1,228804
1578.626,1,228520
1580.007,1,228228
1581.387,1,228161
1582.766,1,227666
1584.144,1,227740
1585.521,1,227471
1586.898,1,227178
1588.274,1,226600
1589.649,1,226700
1591.023,1,226135
1592.396,1,225920
1593.769,1,226411
1595.140,1,225977
1596.511,1,226007
1597.881,1,225149
1599.251,1,225053
1600.619,1,224738
1601.986,1,224711
1603.353,1,224344
1604.719,1,223995
1606.084,1,223675
1607.448,1,223656
1608.812,1,223932
1610.175,1,223113
1611.536,1,222855
1612.897,1,222173
1614.257,1,222450
1615.617,1,222051
1616.975,1,221794
1618.333,1,221953
1619.690,1,221341
1621.046,1,221385
1622.401,1,220842
1623.756,1,220344
1625.109,1,220493
1626.462,1,219944
1627.814,1,219892
1629.165,1,219810
1630.516,1,219804
1631.865,1,219422
1633.214,1,219118
1634.562,1,218192
1635.909,1,217959
1637.255,1,218100
1638.601,1,217889
1639.945,1,217925
1641.289,1,217343
1642.632,1,217350
1643.974,1,217097
1645.316,1,216375
1646.656,1,216439
1647.996,1,216221
1649.335,1,215587
1650.673,1,215706
1652.011,1,215016
1653.347,1,214928
1654.683,1,214345
1656.018,1,214367
1657.352,1,214126
1658.685,1,214103
1660.018,1,213708
1661.350,1,213359
1662.681,1,213128
1664.011,1,213171
1665.340,1,212883
1666.669,1,212221
1667.996,1,211992
1669.323,1,212002
1670.649,1,211993
1671.974,1,211943
1673.299,1,211276
1674.623,1,210814
1675.946,1,210858
1677.268,1,210291
1678.589,1,210582
1679.909,1,209683
1681.229,1,209554
1682.548,1,209554
1683.866,1,208922
1685.183,1,208889
1686.500,1,208174
1687.815,1,208313
1689.130,1,207692
1690.444,1,208133
1691.758,1,207913
1693.070,1,206970
1694.382,1,207161
1695.693,1,206690
1697.003,1,206388
1698.312,1,206019
1699.621,1,206158
1700.928,1,205570
1702.235,1,205606
1703.541,1,205062
1704.847,1,204701
1706.151,1,204576
1707.455,1,204524
1708.758,1,203958
1710.060,1,204243
1711.361,1,204141
1712.662,1,203824
1713.962,1,202687
1715.261,1,202990
1716.559,1,202798
1717.856,1,202695
1719.153,1,201769
1720.449,1,201742
1721.744,1,201547
1723.038,1,201445
1724.332,1,201029
1725.624,1,200515
1726.916,1,200341
1728.207,1,200497
1729.498,1,200047
1730.787,1,199790
1732.076,1,199140
1733.364,1,198802
1734.651,1,198649
1735.938,1,198722
1737.223,1,198565
1738.508,1,197950
1739.792,1,197465
1741.075,1,197232
1742.358,1,197104
1743.639,1,196784
1744.920,1,196955
1746.201,1,196673
1747.480,1,195955
1748.758,1,196149
1750.036,1,195263
1751.313,1,195504
1752.589,1,195456
1753.865,1,194914
1755.140,1,194875
1756.414,1,194681
1757.687,1,194127
1758.959,1,193874
1760.231,1,193742
1761.501,1,193658
1762.771,1,193041
1764.041,1,192977
1765.309,1,192245
1766.577,1,192416
1767.844,1,192384
1769.110,1,191604
1770.375,1,191614
1771.640,1,191418
1772.903,1,190896
1774.166,1,190830
1775.429,1,190575
1776.690,1,190585
1777.951,1,190084
1779.211,1,189745
1780.470,1,189619
1781.728,1,189306
1782.986,1,188974
1784.243,1,189055
1785.499,1,188357
1786.754,1,187915
1788.009,1,188224
1789.263,1,187730
1790.516,1,187512
1791.768,1,187062
1793.019,1,186988
1794.270,1,187102
1795.520,1,186384
1796.769,1,186003
1798.017,1,186035
1799.265,1,185426
1800.512,1,185582
1801.758,1,185189
1803.003,1,185085
1804.248,1,184746
1805.492,1,184484
1806.735,1,184339
1807.977,1,183896
1809.218,1,183788
1810.459,1,183501
1811.699,1,183176
1812.938,1,183057
1814.177,1,182947
1815.415,1,182581
1816.651,1,181888
1817.888,1,182013
1819.123,1,181757
1820.358,1,181619
1821.592,1,181055
1822.825,1,181020
1824.057,1,180804
1825.289,1,180497
1826.519,1,180204
1827.750,1,179724
1828.979,1,179601
1830.207,1,179669
1831.435,1,179518
1832.662,1,179018
1833.889,1,178567
1835.114,1,178594
1836.339,1,178249
1837.563,1,177886
1838.786,1,177914
1840.009,1,177383
1841.231,1,177413
1842.452,1,177062
1843.672,1,176488
1844.891,1,176296
1846.110,1,176070
1847.328,1,175651
1848.545,1,175591
1849.762,1,175311
1850.977,1,174882
1852.192,1,174643
1853.407,1,174184
1854.620,1,173938
1855.833,1,173545
1857.045,1,173645
1858.256,1,173152
1859.467,1,172858
1860.676,1,172440
1861.885,1,171976
1863.094,1,171823
1864.301,1,171505
1865.508,1,171203
1866.714,1,171193
1867.919,1,170488
1869.123,1,170017
1870.327,1,169685
1871.530,1,169215
1872.732,1,168990
1873.934,1,168774
1875.135,1,168835
1876.335,1,168404
1877.534,1,167684
1878.733,1,167511
1879.930,1,167084
1881.127,1,166624
1882.324,1,166293
1883.519,1,165892
1884.714,1,166270
1885.908,1,167277
1887.101,1,165753
1888.294,1,165115
1889.486,1,164744
1890.677,1,164568
1891.867,1,164233
1893.057,1,163869
1894.246,1,163810
1895.434,1,163684
1896.621,1,163143
1897.808,1,163142
1898.994,1,162682
1900.179,1,162301
1901.363,1,161603
1902.547,1,161118
1903.730,1,160827
1904.912,1,160303
1906.094,1,159597
1907.275,1,159249
1908.455,1,158965
1909.634,1,158076
1910.812,1,157556
1911.990,1,157307
1913.167,1,156664
1914.344,1,155864
1915.519,1,155850
1916.694,1,154831
1917.868,1,154439
1919.042,1,154349
1920.214,1,153527
1921.386,1,152996
1922.557,1,152357
1923.728,1,152093
1924.898,1,151403
1926.067,1,151471
1927.235,1,150430
1928.402,1,150116
1929.569,1,149358
1930.735,1,148708
1931.901,1,148521
1933.065,1,147853
1934.229,1,147295
1935.392,1,146847
1936.555,1,146131
1937.717,1,145885
1938.878,1,144972
1940.038,1,144623
1941.197,1,144147
1942.356,1,143459
1943.514,1,142895
1944.672,1,142293
1945.828,1,141545
1946.984,1,141130
1948.139,1,140825
1949.294,1,140053
1950.447,1,139893
