-416.798	1	77102
-414.240	1	76988
-411.683	1	76841
-409.128	1	76662
-406.575	1	76298
-404.023	1	76358
-401.472	1	76583
-398.923	1	76394
-396.376	1	76193
-393.830	1	76079
-391.286	1	75939
-388.743	1	76085
-386.202	1	75497
-383.662	1	75079
-381.124	1	74851
-378.587	1	74625
-376.052	1	74422
-373.519	1	74371
-370.986	1	74320
-368.456	1	74420
-365.927	1	74329
-363.399	1	74420
-360.873	1	74481
-358.349	1	74076
-355.826	1	73906
-353.304	1	73808
-350.784	1	73422
-348.266	1	72996
-345.749	1	72708
-343.233	1	72543
-340.719	1	72472
-338.207	1	72025
-335.696	1	72361
-333.186	1	72947
-330.678	1	72396
-328.172	1	72318
-325.667	1	72324
-323.164	1	72171
-320.662	1	71711
-318.161	1	71340
-315.662	1	71358
-313.165	1	71221
-310.669	1	71035
-308.174	1	71428
-305.682	1	71599
-303.190	1	71922
-300.700	1	72300
-298.212	1	73121
-295.725	1	73903
-293.239	1	73924
-290.755	1	74077
-288.272	1	74211
-285.791	1	73999
-283.312	1	73864
-280.834	1	73508
-278.357	1	72953
-275.882	1	72607
-273.408	1	72249
-270.936	1	71760
-268.465	1	71576
-265.996	1	71282
-263.528	1	71470
-261.062	1	71539
-258.597	1	71623
-256.134	1	71782
-253.672	1	72048
-251.212	1	72333
-248.753	1	72624
-246.295	1	73016
-243.839	1	73583
-241.385	1	74116
-238.932	1	74579
-236.480	1	75145
-234.030	1	76063
-231.581	1	76367
-229.134	1	76953
-226.688	1	77427
-224.244	1	78260
-221.801	1	79221
-219.360	1	79873
-216.920	1	80650
-214.481	1	81623
-212.044	1	82606
-209.609	1	83597
-207.175	1	84870
-204.742	1	86636
-202.311	1	88162
-199.881	1	90125
-197.453	1	92010
-195.026	1	94584
-192.601	1	96997
-190.177	1	99664
-187.754	1	103205
-185.333	1	106485
-182.913	1	110244
-180.495	1	116151
-178.078	1	121280
-175.663	1	125664
-173.249	1	133282
-170.837	1	144996
-168.426	1	151618
-166.016	1	160259
-163.608	1	176861
-161.201	1	194662
-158.796	1	203860
-156.392	1	218893
-153.990	1	256617
-151.589	1	278130
-149.189	1	291448
-146.791	1	327315
-144.395	1	390703
-141.999	1	395612
-139.605	1	412604
-137.213	1	500974
-134.822	1	572763
-132.432	1	580321
-130.044	1	672400
-127.657	1	1035667
-125.272	1	1202148
-122.888	1	1395245
-120.506	1	2293065
-118.125	1	3489366
-115.745	1	3609709
-113.367	1	4105844
-110.990	1	4955210
-108.615	1	5576847
-106.241	1	5485287
-103.868	1	5903940
-101.497	1	6553500
-99.127	1	6553500
-96.759	1	6358444
-94.392	1	6444629
-92.026	1	6547133
-89.662	1	5664846
-87.299	1	4534686
-84.938	1	4432123
-82.578	1	4112257
-80.220	1	2018922
-77.862	1	953184
-75.507	1	826217
-73.152	1	692103
-70.799	1	593769
-68.448	1	572886
-66.098	1	559815
-63.749	1	519333
-61.402	1	482012
-59.056	1	451775
-56.711	1	414339
-54.368	1	379289
-52.026	1	351014
-49.686	1	315563
-47.347	1	282690
-45.009	1	256836
-42.673	1	236125
-40.338	1	214099
-38.004	1	193192
-35.672	1	176773
-33.342	1	165578
-31.012	1	155647
-28.684	1	147064
-26.358	1	140260
-24.033	1	135491
-21.709	1	130828
-19.386	1	127084
-17.065	1	123398
-14.746	1	120585
-12.427	1	118046
-10.110	1	115652
-7.795	1	112452
-5.481	1	109361
-3.168	1	106081
-0.856	1	102906
1.454	1	99660
3.762	1	96330
6.070	1	94021
8.376	1	92316
10.680	1	90860
12.984	1	89544
15.286	1	88139
17.586	1	87050
19.885	1	86412
22.183	1	85575
24.479	1	84866
26.775	1	84226
29.068	1	83854
31.361	1	83342
33.652	1	82998
35.941	1	82833
38.230	1	82730
40.517	1	82446
42.802	1	82371
45.086	1	82282
47.369	1	82576
49.651	1	82725
51.931	1	82696
54.210	1	83260
56.487	1	83690
58.763	1	84428
61.038	1	85570
63.312	1	86983
65.584	1	89542
67.855	1	93211
70.124	1	96025
72.392	1	98588
74.659	1	101685
76.924	1	104923
79.188	1	108143
81.451	1	108933
83.713	1	109155
85.973	1	109035
88.231	1	108117
90.489	1	106915
92.745	1	104994
94.999	1	102962
97.253	1	101552
99.505	1	100700
101.756	1	99887
104.005	1	98981
106.253	1	98741
108.500	1	98961
110.745	1	99570
112.989	1	100245
115.232	1	101144
117.474	1	101863
119.714	1	102175
121.953	1	102664
124.190	1	103286
126.426	1	103576
128.661	1	103883
130.895	1	104329
133.127	1	104563
135.358	1	104814
137.587	1	104897
139.815	1	104898
142.042	1	104795
144.268	1	103830
146.492	1	102897
148.715	1	101745
150.937	1	100363
153.157	1	99147
155.376	1	98046
157.594	1	96117
159.811	1	94215
162.026	1	92505
164.240	1	90179
166.452	1	88234
168.663	1	86577
170.873	1	85144
173.082	1	84163
175.289	1	83087
177.495	1	81736
179.700	1	80556
181.904	1	79488
184.106	1	78773
186.306	1	77834
188.506	1	77170
190.704	1	76266
192.901	1	75654
195.097	1	74973
197.291	1	74266
199.484	1	73645
201.676	1	73258
203.866	1	72870
206.056	1	72377
208.244	1	71954
210.430	1	71670
212.615	1	71344
214.800	1	71069
216.982	1	70806
219.164	1	70717
221.344	1	70371
223.523	1	70252
225.700	1	69975
227.877	1	69914
230.052	1	69716
232.226	1	69672
234.398	1	69607
236.569	1	69596
238.739	1	69392
240.908	1	69321
243.075	1	69282
245.241	1	69250
247.406	1	69272
249.570	1	69227
251.732	1	69076
253.893	1	68948
256.053	1	68865
258.211	1	68747
260.368	1	68655
262.524	1	68738
264.679	1	68561
266.832	1	68552
268.985	1	68460
271.135	1	68409
273.285	1	68386
275.433	1	68269
277.580	1	68356
279.726	1	68345
281.871	1	68244
284.014	1	68168
286.156	1	68109
288.297	1	68074
290.436	1	67965
292.575	1	67893
294.712	1	68170
296.847	1	67795
298.982	1	67802
301.115	1	67724
303.247	1	67617
305.378	1	67695
307.507	1	67649
309.635	1	67584
311.762	1	67564
313.888	1	67545
316.013	1	67476
318.136	1	67404
320.258	1	67396
322.379	1	67357
324.498	1	67263
326.616	1	67259
328.733	1	67308
330.849	1	67257
332.964	1	67165
335.077	1	67226
337.189	1	67150
339.300	1	67248
341.409	1	67227
343.517	1	67177
345.625	1	67149
347.730	1	67180
349.835	1	67189
351.938	1	67052
354.040	1	67231
356.141	1	67290
358.241	1	67082
360.339	1	67072
362.437	1	67197
364.533	1	67175
366.627	1	67247
368.721	1	67321
370.813	1	67447
372.904	1	67372
374.994	1	67474
377.082	1	67524
379.170	1	67536
381.256	1	67580
383.341	1	67595
385.425	1	67629
387.507	1	67574
389.588	1	67494
391.668	1	67462
393.747	1	67467
395.825	1	67425
397.901	1	67330
399.976	1	67280
402.050	1	67167
404.123	1	67154
406.194	1	67116
408.265	1	67006
410.334	1	67040
412.402	1	67265
414.468	1	66997
416.534	1	66954
418.598	1	66985
420.661	1	66957
422.723	1	67026
424.783	1	67058
426.843	1	67007
428.901	1	66941
430.958	1	67016
433.014	1	67009
435.068	1	66987
437.122	1	66920
439.174	1	66965
441.225	1	66879
443.274	1	66992
445.323	1	66924
447.370	1	66899
449.416	1	66864
451.461	1	66850
453.505	1	66781
455.548	1	66782
457.589	1	66846
459.629	1	66693
461.668	1	66685
463.706	1	66680
465.742	1	66641
467.778	1	66697
469.812	1	66612
471.845	1	66621
473.877	1	66591
475.907	1	66620
477.937	1	66456
479.965	1	66627
481.992	1	66560
484.018	1	66554
486.043	1	66578
488.066	1	66449
490.088	1	66500
492.110	1	66603
494.129	1	66478
496.148	1	66518
498.166	1	66493
500.182	1	66440
502.197	1	66579
504.211	1	66420
506.224	1	66429
508.236	1	66378
510.246	1	66260
512.256	1	66303
514.264	1	66252
516.271	1	66222
518.277	1	66144
520.281	1	66142
522.285	1	66032
524.287	1	65985
526.288	1	65872
528.288	1	65856
530.287	1	65817
532.284	1	65741
534.281	1	65759
536.276	1	65651
538.270	1	65594
540.263	1	65630
542.255	1	65461
544.245	1	65417
546.235	1	65461
548.223	1	65417
550.210	1	65444
552.196	1	65414
554.180	1	65522
556.164	1	65616
558.146	1	65710
560.128	1	65756
562.108	1	65864
564.087	1	65844
566.065	1	65823
568.041	1	65805
570.017	1	65832
571.991	1	65852
573.964	1	65904
575.936	1	65918
577.907	1	65844
579.877	1	65779
581.845	1	65825
583.813	1	65940
585.779	1	65864
587.744	1	65857
589.708	1	65850
591.671	1	65959
593.632	1	65888
595.593	1	65846
597.552	1	65862
599.510	1	65873
601.468	1	65947
603.423	1	65918
605.378	1	65850
607.332	1	65911
609.284	1	65937
611.236	1	65924
613.186	1	65986
615.135	1	65924
617.083	1	65876
619.030	1	65959
620.975	1	65954
622.920	1	65916
624.863	1	65953
626.805	1	65939
628.747	1	65965
630.686	1	66018
632.625	1	66101
634.563	1	65888
636.500	1	65875
638.435	1	65951
640.369	1	65886
642.302	1	65966
644.234	1	66037
646.165	1	65954
648.095	1	66062
650.024	1	66024
651.951	1	66038
653.878	1	66003
655.803	1	66057
657.727	1	66009
659.650	1	66046
661.572	1	65985
663.493	1	66020
665.412	1	66069
667.331	1	66048
669.248	1	66001
671.165	1	65981
673.080	1	65982
674.994	1	65899
676.907	1	66081
678.818	1	66081
680.729	1	66106
682.639	1	65972
684.547	1	66055
686.454	1	65999
688.361	1	66038
690.266	1	66003
692.170	1	66071
694.073	1	66054
695.974	1	65998
697.875	1	65957
699.775	1	65989
701.673	1	66000
703.570	1	66082
705.467	1	65967
707.362	1	65919
709.256	1	65900
711.149	1	65889
713.040	1	65877
714.931	1	65881
716.821	1	65815
718.709	1	65815
720.596	1	65869
722.483	1	65786
724.368	1	65836
726.252	1	65755
728.135	1	65795
730.017	1	65920
731.897	1	65699
733.777	1	65707
735.656	1	65667
737.533	1	65627
739.409	1	65508
741.285	1	65613
743.159	1	65640
745.032	1	65486
746.904	1	65512
748.775	1	65468
750.644	1	65531
752.513	1	65437
754.381	1	65452
756.247	1	65501
758.113	1	65399
759.977	1	65447
761.840	1	65439
763.702	1	65308
765.563	1	65290
767.423	1	65259
769.282	1	65314
771.140	1	65298
772.997	1	65295
774.852	1	65317
776.707	1	65220
778.560	1	65310
780.413	1	65227
782.264	1	65292
784.114	1	65272
785.963	1	65240
787.811	1	65219
789.658	1	65150
791.504	1	65261
793.349	1	65222
795.193	1	65211
797.035	1	65241
798.877	1	65193
800.717	1	65232
802.557	1	65209
804.395	1	65265
806.232	1	65180
808.069	1	65300
809.904	1	65166
811.738	1	65185
813.571	1	65287
815.403	1	65234
817.233	1	65241
819.063	1	65247
820.892	1	65371
822.720	1	65375
824.546	1	65389
826.372	1	65382
828.196	1	65503
830.019	1	65589
831.842	1	65695
833.663	1	65713
835.483	1	65794
837.302	1	66047
839.120	1	66269
840.937	1	66725
842.753	1	67142
844.568	1	67893
846.382	1	68697
848.194	1	69748
850.006	1	71003
851.817	1	72122
853.626	1	73104
855.435	1	73508
857.242	1	73747
859.048	1	73185
860.854	1	72238
862.658	1	71235
864.461	1	69994
866.263	1	68824
868.064	1	67872
869.864	1	67182
871.663	1	66537
873.461	1	66327
875.258	1	65854
877.054	1	65754
878.849	1	65541
880.643	1	65446
882.435	1	65308
884.227	1	65217
886.017	1	65207
887.807	1	65167
889.596	1	65124
891.383	1	65121
893.169	1	65053
894.955	1	65015
896.739	1	65044
898.522	1	65029
900.305	1	64969
902.086	1	64925
903.866	1	64952
905.645	1	64962
907.423	1	64902
909.200	1	64893
910.976	1	64863
912.751	1	64856
914.525	1	64845
916.298	1	64871
918.070	1	64832
919.840	1	64899
921.610	1	64760
923.379	1	64822
925.147	1	64888
926.913	1	64791
928.679	1	64819
930.443	1	64826
932.207	1	64807
933.969	1	64811
935.731	1	64785
937.491	1	64785
939.251	1	64790
941.009	1	64771
942.767	1	64800
944.523	1	64787
946.278	1	64747
948.033	1	64763
949.786	1	64796
951.538	1	64777
953.289	1	64739
955.040	1	64726
956.789	1	64710
958.537	1	64754
960.284	1	64742
962.030	1	64760
963.775	1	64808
965.519	1	64735
967.262	1	64802
969.004	1	64796
970.745	1	64742
972.485	1	64778
974.224	1	64812
975.962	1	64798
977.699	1	64786
979.435	1	64694
981.170	1	64869
982.904	1	64850
984.636	1	64797
986.368	1	64806
988.099	1	64853
989.829	1	64834
991.558	1	64816
993.286	1	64786
995.012	1	64887
996.738	1	64926
998.463	1	64894
1000.187	1	64883
1001.909	1	64996
1003.631	1	64948
1005.352	1	64990
1007.071	1	64965
1008.790	1	65111
1010.508	1	65159
1012.225	1	65296
1013.940	1	65257
1015.655	1	67380
1017.369	1	65626
1019.081	1	65723
1020.793	1	65905
1022.504	1	66295
1024.213	1	66408
1025.922	1	66612
1027.630	1	66879
1029.336	1	66984
1031.042	1	67015
1032.747	1	66971
1034.450	1	66856
1036.153	1	66584
1037.855	1	66390
1039.555	1	66220
1041.255	1	66123
1042.954	1	65975
1044.651	1	65897
1046.348	1	65852
1048.044	1	65733
1049.738	1	65802
1051.432	1	65864
1053.125	1	65886
1054.817	1	66093
1056.507	1	66104
1058.197	1	66229
1059.886	1	66460
1061.574	1	66532
1063.260	1	66813
1064.946	1	66907
1066.631	1	67142
1068.315	1	67260
1069.998	1	67446
1071.679	1	67463
1073.360	1	67359
1075.040	1	67202
1076.719	1	67130
1078.397	1	66853
1080.074	1	66685
1081.750	1	66433
1083.425	1	66108
1085.099	1	65935
1086.772	1	65829
1088.444	1	65622
1090.115	1	65598
1091.785	1	65404
1093.454	1	65366
1095.122	1	65313
1096.789	1	65306
1098.455	1	65252
1100.120	1	65263
1101.784	1	65198
1103.448	1	65260
1105.110	1	65163
1106.771	1	65178
1108.431	1	65153
1110.091	1	65145
1111.749	1	65134
1113.406	1	65139
1115.063	1	65098
1116.718	1	65119
1118.372	1	65017
1120.026	1	64991
1121.678	1	65018
1123.330	1	64901
1124.980	1	64948
1126.630	1	64838
1128.279	1	64785
1129.926	1	64782
1131.573	1	64835
1133.219	1	64868
1134.863	1	64754
1136.507	1	64714
1138.150	1	64771
1139.792	1	64691
1141.433	1	64729
1143.073	1	64729
1144.712	1	64674
1146.350	1	64661
1147.987	1	64724
1149.623	1	64696
1151.258	1	64629
1152.892	1	64583
1154.525	1	64675
1156.157	1	64630
1157.789	1	64609
1159.419	1	64594
1161.048	1	64628
1162.677	1	64652
1164.304	1	64544
1165.931	1	64630
1167.556	1	64582
1169.181	1	64619
1170.804	1	64611
1172.427	1	64620
1174.049	1	64618
1175.669	1	64632
1177.289	1	64565
1178.908	1	64491
1180.526	1	64632
1182.143	1	64517
1183.759	1	64597
1185.374	1	64542
1186.988	1	64589
1188.601	1	64656
1190.213	1	64578
1191.825	1	64491
1193.435	1	64518
1195.044	1	64564
1196.653	1	64535
1198.260	1	64642
1199.867	1	64564
1201.472	1	64529
1203.077	1	64558
1204.681	1	64540
1206.283	1	64597
1207.885	1	64581
1209.486	1	64572
1211.086	1	64627
1212.685	1	64539
1214.283	1	64659
1215.880	1	64635
1217.476	1	64646
1219.071	1	64619
1220.666	1	64531
1222.259	1	64545
1223.851	1	64649
1225.443	1	64586
1227.033	1	64603
1228.623	1	64626
1230.212	1	64636
1231.799	1	64623
1233.386	1	64656
1234.972	1	64681
1236.557	1	64721
1238.141	1	64689
1239.724	1	64719
1241.306	1	64731
1242.887	1	64719
1244.467	1	64782
1246.047	1	64938
1247.625	1	64800
1249.202	1	64852
1250.779	1	64916
1252.355	1	64889
1253.929	1	64931
1255.503	1	64977
1257.076	1	65147
1258.648	1	65153
1260.219	1	65229
1261.789	1	65344
1263.358	1	65399
1264.926	1	65392
1266.493	1	65529
1268.060	1	65574
1269.625	1	65659
1271.189	1	65487
1272.753	1	65413
1274.316	1	65406
1275.877	1	65286
1277.438	1	65178
1278.998	1	65184
1280.557	1	65079
1282.115	1	64994
1283.672	1	64995
1285.228	1	64868
1286.784	1	64845
1288.338	1	64814
1289.891	1	64796
1291.444	1	64787
1292.996	1	64802
1294.546	1	64739
1296.096	1	64832
1297.645	1	64710
1299.193	1	64676
1300.740	1	64750
1302.286	1	64659
1303.831	1	64704
1305.376	1	64640
1306.919	1	64660
1308.461	1	64647
1310.003	1	64652
1311.544	1	64664
1313.083	1	64670
1314.622	1	64686
1316.160	1	64685
1317.697	1	64708
1319.233	1	64610
1320.768	1	64719
1322.303	1	64792
1323.836	1	64682
1325.369	1	64657
1326.900	1	64575
1328.431	1	64686
1329.961	1	64662
1331.489	1	64643
1333.017	1	64675
1334.544	1	64711
1336.071	1	64626
1337.596	1	64620
1339.120	1	64698
1340.644	1	64711
1342.166	1	64675
1343.688	1	64700
1345.208	1	64691
1346.728	1	64664
1348.247	1	64657
1349.765	1	64675
1351.282	1	64688
1352.799	1	64684
1354.314	1	64633
1355.828	1	64691
1357.342	1	64770
1358.855	1	64684
1360.366	1	64638
1361.877	1	64737
1363.387	1	64731
1364.896	1	64750
1366.404	1	64865
1367.912	1	64780
1369.418	1	64788
1370.924	1	64880
1372.428	1	64875
1373.932	1	64862
1375.435	1	64834
1376.937	1	64938
1378.438	1	64928
1379.938	1	64965
1381.437	1	64930
1382.936	1	64910
1384.433	1	64918
1385.930	1	64969
1387.425	1	64913
1388.920	1	64943
1390.414	1	64963
1391.907	1	64970
1393.399	1	64924
1394.891	1	64974
1396.381	1	65046
1397.871	1	65066
1399.359	1	65065
1400.847	1	65015
1402.334	1	65090
1403.820	1	65071
1405.305	1	65070
1406.789	1	65099
1408.273	1	65240
1409.755	1	65177
1411.237	1	65145
1412.717	1	65206
1414.197	1	65300
1415.676	1	65250
1417.154	1	65314
1418.631	1	65295
1420.108	1	65257
1421.583	1	65373
1423.058	1	65395
1424.531	1	65420
1426.004	1	65419
1427.476	1	65483
1428.947	1	65576
1430.417	1	65588
1431.887	1	65792
1433.355	1	65875
1434.823	1	65932
1436.289	1	66083
1437.755	1	66295
1439.220	1	66572
1440.684	1	66938
1442.147	1	67221
1443.610	1	67523
1445.071	1	67743
1446.532	1	67921
1447.991	1	68038
1449.450	1	68059
1450.908	1	67693
1452.365	1	67495
1453.822	1	67128
1455.277	1	66774
1456.731	1	66558
1458.185	1	66126
1459.638	1	65952
1461.090	1	65743
1462.541	1	65686
1463.991	1	65509
1465.440	1	65418
1466.889	1	65439
1468.336	1	65417
1469.783	1	65479
1471.229	1	65536
1472.674	1	65496
1474.118	1	65525
1475.561	1	65584
1477.004	1	65611
1478.446	1	65526
1479.886	1	65590
1481.326	1	65516
1482.765	1	65431
1484.203	1	65334
1485.640	1	65195
1487.077	1	65226
1488.512	1	65130
1489.947	1	64961
1491.381	1	64896
1492.814	1	64874
1494.246	1	64872
1495.677	1	64861
1497.108	1	64742
1498.537	1	64758
1499.966	1	64769
1501.394	1	64743
1502.821	1	64755
1504.247	1	64658
1505.673	1	64698
1507.097	1	64661
1508.521	1	64683
1509.943	1	64675
1511.365	1	64602
1512.786	1	64714
1514.207	1	64586
1515.626	1	64696
1517.045	1	64627
1518.462	1	64584
1519.879	1	64554
1521.295	1	64589
1522.710	1	64540
1524.124	1	64606
1525.538	1	64530
1526.950	1	64583
1528.362	1	64519
1529.773	1	64518
1531.183	1	64530
1532.592	1	64575
1534.001	1	64508
1535.408	1	64554
1536.815	1	64496
1538.221	1	64583
1539.626	1	64460
1541.030	1	64481
1542.433	1	64471
1543.836	1	64465
1545.237	1	64499
1546.638	1	64508
1548.038	1	64398
1549.437	1	64495
1550.836	1	64498
1552.233	1	64421
1553.630	1	64435
1555.025	1	64533
1556.420	1	64460
1557.814	1	64478
1559.208	1	64391
1560.600	1	64453
1561.992	1	64510
1563.382	1	64417
1564.772	1	64439
1566.161	1	64451
1567.550	1	64454
1568.937	1	64445
1570.324	1	64442
1571.709	1	64446
1573.094	1	64453
1574.479	1	64426
1575.862	1	64509
1577.244	1	64383
1578.626	1	64456
1580.007	1	64444
1581.387	1	64479
1582.766	1	64499
1584.144	1	64389
1585.521	1	64408
1586.898	1	64528
1588.274	1	64427
1589.649	1	64444
1591.023	1	64431
1592.396	1	64443
1593.769	1	64535
1595.140	1	64441
1596.511	1	64511
1597.881	1	64469
1599.251	1	64462
1600.619	1	64510
1601.986	1	64531
1603.353	1	64459
1604.719	1	64482
1606.084	1	64513
1607.448	1	64505
1608.812	1	64558
1610.175	1	64492
1611.536	1	64460
1612.897	1	64501
1614.257	1	64513
1615.617	1	64507
1616.975	1	64499
1618.333	1	64547
1619.690	1	64524
1621.046	1	64500
1622.401	1	64526
1623.756	1	64510
1625.109	1	64561
1626.462	1	64522
1627.814	1	64557
1629.165	1	64509
1630.516	1	64553
1631.865	1	64516
1633.214	1	64520
1634.562	1	64488
1635.909	1	64467
1637.255	1	64484
1638.601	1	64423
1639.945	1	64514
1641.289	1	64540
1642.632	1	64402
1643.974	1	64490
1645.316	1	64611
1646.656	1	64481
1647.996	1	64427
1649.335	1	64494
1650.673	1	64600
1652.011	1	64422
1653.347	1	64479
1654.683	1	64418
1656.018	1	64463
1657.352	1	64486
1658.685	1	64410
1660.018	1	64448
1661.350	1	64403
1662.681	1	64402
1664.011	1	64417
1665.340	1	64396
1666.669	1	64358
1667.996	1	64341
1669.323	1	64295
1670.649	1	64652
1671.974	1	64441
1673.299	1	64334
1674.623	1	64359
1675.946	1	64364
1677.268	1	64292
1678.589	1	64377
1679.909	1	64270
1681.229	1	64356
1682.548	1	64320
1683.866	1	64391
1685.183	1	64309
1686.500	1	64284
1687.815	1	64230
1689.130	1	64315
1690.444	1	64277
1691.758	1	64311
1693.070	1	64292
1694.382	1	64282
1695.693	1	64209
1697.003	1	64236
1698.312	1	64227
1699.621	1	64214
1700.928	1	64222
1702.235	1	64228
1703.541	1	64203
1704.847	1	64232
1706.151	1	64189
1707.455	1	64241
1708.758	1	64178
1710.060	1	64211
1711.361	1	64183
1712.662	1	64592
1713.962	1	64170
1715.261	1	64157
1716.559	1	64188
1717.856	1	64142
1719.153	1	64166
1720.449	1	64134
1721.744	1	64113
1723.038	1	64129
1724.332	1	64179
1725.624	1	64147
1726.916	1	64084
1728.207	1	64200
1729.498	1	64193
1730.787	1	64122
1732.076	1	64147
1733.364	1	64058
1734.651	1	64086
1735.938	1	64121
1737.223	1	64158
1738.508	1	64096
1739.792	1	64076
1741.075	1	64058
1742.358	1	64090
1743.639	1	63990
1744.920	1	64086
1746.201	1	64105
1747.480	1	64029
1748.758	1	63999
1750.036	1	63998
1751.313	1	64055
1752.589	1	64078
1753.865	1	64015
1755.140	1	64079
1756.414	1	64017
1757.687	1	64053
1758.959	1	64099
1760.231	1	64143
1761.501	1	63996
1762.771	1	64063
1764.041	1	63985
1765.309	1	64087
1766.577	1	64097
1767.844	1	63991
1769.110	1	64017
1770.375	1	64066
1771.640	1	63990
1772.903	1	64005
1774.166	1	64154
1775.429	1	64022
1776.690	1	63974
1777.951	1	63980
1779.211	1	63985
1780.470	1	64000
1781.728	1	63960
1782.986	1	63950
1784.243	1	64016
1785.499	1	63949
1786.754	1	63979
1788.009	1	64012
1789.263	1	63988
1790.516	1	64002
1791.768	1	64029
1793.019	1	63962
1794.270	1	63922
1795.520	1	63943
1796.769	1	64042
1798.017	1	63960
1799.265	1	63977
1800.512	1	63963
1801.758	1	63976
1803.003	1	63954
1804.248	1	64005
1805.492	1	63996
1806.735	1	63982
1807.977	1	63948
1809.218	1	63980
1810.459	1	64086
1811.699	1	63976
1812.938	1	63892
1814.177	1	63945
1815.415	1	63941
1816.651	1	63955
1817.888	1	63971
1819.123	1	63954
1820.358	1	63903
1821.592	1	63992
1822.825	1	64002
1824.057	1	63929
1825.289	1	63901
1826.519	1	64012
1827.750	1	63955
1828.979	1	63863
1830.207	1	63983
1831.435	1	63967
1832.662	1	63942
1833.889	1	64016
1835.114	1	63915
1836.339	1	63944
1837.563	1	63947
1838.786	1	63916
1840.009	1	63977
1841.231	1	63964
1842.452	1	63968
1843.672	1	63872
1844.891	1	63984
1846.110	1	63912
1847.328	1	63901
1848.545	1	63912
1849.762	1	63940
1850.977	1	63915
1852.192	1	64024
1853.407	1	64002
1854.620	1	63924
1855.833	1	63953
1857.045	1	63909
1858.256	1	63984
1859.467	1	63904
1860.676	1	63887
1861.885	1	63933
1863.094	1	63921
1864.301	1	63868
1865.508	1	63936
1866.714	1	63904
1867.919	1	63847
1869.123	1	63882
1870.327	1	63921
1871.530	1	63876
1872.732	1	63917
1873.934	1	63908
1875.135	1	63898
1876.335	1	64002
1877.534	1	63903
1878.733	1	63937
1879.930	1	64046
1881.127	1	64006
1882.324	1	64019
1883.519	1	64041
1884.714	1	64097
1885.908	1	64212
1887.101	1	64352
1888.294	1	64348
1889.486	1	64481
1890.677	1	64589
1891.867	1	64709
1893.057	1	64765
1894.246	1	64820
1895.434	1	65056
1896.621	1	65008
1897.808	1	65073
1898.994	1	65114
1900.179	1	65078
1901.363	1	65035
1902.547	1	65090
1903.730	1	65083
1904.912	1	64936
1906.094	1	64811
1907.275	1	64832
1908.455	1	64676
1909.634	1	64545
1910.812	1	64406
1911.990	1	64345
1913.167	1	64263
1914.344	1	64214
1915.519	1	64162
1916.694	1	64125
1917.868	1	64140
1919.042	1	64063
1920.214	1	63988
1921.386	1	64109
1922.557	1	64053
1923.728	1	63995
1924.898	1	63980
1926.067	1	64040
1927.235	1	64072
1928.402	1	63980
1929.569	1	64000
1930.735	1	64015
1931.901	1	64033
1933.065	1	64000
1934.229	1	63967
1935.392	1	63967
1936.555	1	63977
1937.717	1	64284
1938.878	1	67764
1940.038	1	64134
1941.197	1	63967
1942.356	1	63937
1943.514	1	63890
1944.672	1	63928
1945.828	1	63874
1946.984	1	63884
1948.139	1	63859
1949.294	1	63801
1950.447	1	64284
