350	3.73
351	-0.97
352	-0.24
353	-1.29
354	-1.23
355	-3.17
356	-1.1
357	-0.87
358	-2.07
359	-4.11
360	0.65
361	-0.18
362	-1.36
363	-1.3
364	1.68
365	-1.16
366	-0.14
367	-0.33
368	-0.53
369	0.87
370	2.47
371	-3.38
372	1.79
373	-1.92
374	-2.23
375	1.79
376	2.34
377	1.57
378	2.94
379	0.36
380	-1.31
381	1.71
382	2.01
383	0.07
384	-0.27
385	0.47
386	0.41
387	0.73
388	-1.2
389	1.33
390	1.74
391	3.52
392	3.17
393	-2.18
394	-0.6
395	1.86
396	2.72
397	0.98
398	-1.11
399	0.6
400	1.28
401	-0.08
402	-2.34
403	3.39
404	1.7
405	1.68
406	1.14
407	2.97
408	1.66
409	2.19
410	2.7
411	-0.27
412	4.17
413	2.49
414	2.67
415	1.05
416	3.93
417	2.74
418	1.1
419	4.57
420	1.93
421	1.61
422	4.26
423	3.82
424	3.45
425	2.63
426	3.51
427	5.68
428	6.69
429	8.71
430	10.74
431	13.55
432	19.54
433	16.34
434	21.7
435	25.19
436	27.82
437	33.44
438	36.74
439	45.67
440	51.52
441	61.42
442	65.83
443	75.78
444	86.51
445	103.72
446	119.92
447	136.84
448	140.34
449	152.44
450	166.73
451	172.99
452	159.61
453	160.1
454	150.81
455	135.45
456	123.95
457	105.73
458	98.56
459	96.03
460	93.31
461	98.2
462	91.11
463	90.66
464	86.72
465	92.67
466	87.48
467	83.09
468	86.2
469	78.79
470	77.24
471	70.77
472	72.9
473	66.37
474	70.2
475	66.8
476	72.06
477	69.6
478	70.61
479	75.83
480	76.83
481	80.95
482	92.91
483	90.85
484	98.42
485	103.67
486	110.81
487	114.23
488	126.69
489	129.88
490	138.72
491	142.41
492	146.58
493	159.14
494	158.92
495	167.25
496	180.24
497	190.19
498	190.68
499	192.84
500	197.33
501	200.83
502	213.72
503	217.34
504	215.88
505	224.56
506	219.71
507	224.95
508	236.76
509	240.54
510	241.72
511	244.35
512	246.11
513	252.43
514	246.09
515	256.89
516	255.65
517	255.97
518	268.38
519	266.84
520	276.15
521	281.65
522	278.28
523	275.83
524	286.37
525	282.89
526	289.39
527	296.16
528	295.77
529	299.06
530	307.53
531	305.38
532	309.31
533	314.21
534	307.99
535	315.94
536	324.88
537	331.01
538	340.32
539	343.58
540	340.44
541	346.59
542	351.16
543	351.32
544	357.68
545	360.49
546	366.37
547	365.81
548	366.65
549	379.19
550	367.11
551	373.65
552	380.35
553	371.82
554	372.97
555	377.53
556	361.96
557	373.85
558	374.84
559	375.84
560	376.31
561	372.78
562	372.97
563	381.3
564	351.38
565	362.75
566	365.73
567	356.49
568	360.97
569	359.41
570	358.97
571	360.66
572	345.31
573	362.58
574	321.07
575	325.73
576	356.21
577	355.81
578	354.6
579	347.63
580	342.58
581	344.76
582	340.82
583	335.92
584	340.7
585	349.35
586	331.08
587	341.9
588	342.25
589	341.88
590	349.81
591	339.25
592	343.15
593	342.9
594	347.71
595	348.68
596	352.32
597	363.74
598	363.92
599	374.12
600	357.84
601	343.57
602	331.75
603	380.21
604	368.3
605	367.86
606	371.11
607	370.63
608	367.72
609	374.6
610	364.47
611	367.16
612	364.16
613	363.65
614	365.88
615	353.73
616	356.02
617	366.19
618	363.43
619	349.69
620	353.93
621	355.19
622	342.32
623	351.07
624	345.41
625	336.45
626	334.04
627	326.97
628	323.28
629	327.64
630	314.4
631	316.6
632	302.49
633	306.21
634	298.54
635	299.7
636	291.13
637	276.69
638	281.1
639	270.04
640	264.95
641	264.85
642	261.44
643	261.35
644	256.78
645	250.1
646	246.71
647	252.51
648	231.41
649	240.69
650	227.98
651	231.82
652	227.75
653	224.68
654	217.3
655	220.4
656	209.13
657	212.67
658	202.32
659	207.76
660	196.75
661	199.28
662	196.69
663	197.09
664	198.89
665	188.46
666	184.68
667	190.99
668	185.05
669	182.66
670	178.95
671	172
672	172.47
673	171.76
674	164.63
675	165.71
676	159.98
677	166.31
678	161.36
679	162.74
680	167.77
681	159.07
682	166.48
683	155.95
684	143.45
685	152.33
686	146.32
687	154.35
688	147.39
689	143.76
690	135.65
691	144.88
692	134.74
693	133.11
694	124.07
695	125.76
696	119.42
697	123.4
698	115.16
699	115.46
700	113.28
701	110.29
702	106.91
703	111.38
704	106.26
705	100.37
706	93.49
707	92.63
708	95.69
709	90.45
710	84.34
711	83.44
712	80.06
713	75.4
714	74.75
715	74.87
716	70.69
717	67.61
718	72.99
719	69.81
720	61.72
721	59.69
722	64.62
723	57.73
724	57.67
725	53.67
726	53.72
727	45.58
728	49.65
729	50.8
730	46.97
731	45.78
732	44.86
733	40.69
734	46.61
735	49.64
736	39.72
737	37.72
738	31.72
739	36.71
740	33.75
741	31.75
742	32.71
743	31.91
744	31.93
745	27.02
746	24.13
747	26.89
748	26.11
749	27.29
750	23.22
751	22.17
752	24.06
753	23.55
754	20.21
755	19
756	17.2
757	19.08
758	16.35
759	16.06
760	14.72
761	16.4
762	14.77
763	12.87
764	11.34
765	12.75
766	17.57
767	11.59
768	6.72
769	9.67
770	9.39
771	8.98
772	10.69
773	7.13
774	7.8
775	10.79
776	8.66
777	7.33
778	9.95
779	5.16
780	8.28
781	8.73
782	5.83
783	3.64
784	6.76
785	3.93
786	1.48
787	7.45
788	4.71
789	5.98
790	7.83
791	3.56
792	7.84
793	2.3
794	1.89
795	1.72
796	3.87
797	2.78
798	-0.86
799	4.89
800	4.06
801	2.08
802	6.22
803	0.04
804	3.82
805	4.63
806	4.14
807	3.25
808	2.35
809	2.68
810	0.85
811	5.09
812	-0.45
813	4.73
814	0.77
815	2.56
816	1.76
817	-0.38
818	2.86
819	-0.27
820	3.48
821	-0.28
822	3.5
823	1.54
824	2.28
825	-0.12
826	1
827	0.66
828	-1.28
829	-0.83
830	0.75
831	1.15
832	-0.61
833	3.02
834	-4.93
835	-0.27
836	-0.52
837	3.72
838	1.27
839	3.05
840	4.53
841	0.69
842	-3.26
843	-0.04
844	-0.59
845	-1.25
846	0.89
847	2.53
848	0.29
849	-3.97
850	2.79
851	-1.18
852	0.8
853	0.44
854	-1.39
855	-0.08
856	1.63
857	-0.23
858	1.63
859	-2.89
860	2.16
861	-1.35
862	0.64
863	2.39
864	-2.59
865	-2.3
866	1.5
867	-0.29
868	0.42
869	-2.99
870	-0.09
871	1.35
872	-2.57
873	2.94
874	-6.43
875	1.49
876	-2.26
877	0.04
878	0.45
879	-2.51
880	-2.26
881	-0.52
882	-1.05
883	-0.25
884	-0.43
885	0.43
886	-0.59
887	-1.06
888	-0.5
889	0.05
890	0.01
891	-2.62
892	0.62
893	-2.44
894	0.5
895	-4.03
896	-1.21
897	-0.08
898	0.21
899	1.64
900	-1.24
901	-0.67
902	-2.3
903	-2.14
904	-3.22
905	-0.33
906	0.99
907	-0.29
908	-1.87
909	-0.66
910	-2.97
911	-2.12
912	0.57
913	-2.22
914	1.63
915	0.82
916	-1.12
917	-5.27
918	0.04
919	-1.98
920	-1.26
921	0.33
922	-2.82
923	-2.17
924	-3.85
925	0.01
926	-0.19
927	-1.27
928	1.45
929	-0.26
930	2.72
931	1.72
932	-0.9
933	-1.72
934	-1.5
935	-0.94
936	-1.49
937	-2.91
938	-2.32
939	-2.78
940	0.42
941	-0.28
942	-4.02
943	-3.06
944	-1.26
945	-0.22
946	-0.53
947	-2.93
948	-0.72
949	-0.32
950	-2.21
951	-1.37
952	-1.44
953	-2.26
954	0.83
955	1.55
956	-1.44
957	-2.27
958	-0.61
959	-2.13
960	-0.39
961	-2.2
962	-0.27
963	-0.78
964	-2.24
965	-1.92
966	-1.3
967	-0.37
968	-2.27
969	-2.47
970	0.42
971	-2.15
972	-4.26
973	-1.42
974	-6.4
975	-2.57
976	4.65
977	-2.1
978	-4.47
979	1.83
980	1.14
981	-3.08
982	-0.32
983	-0.28
984	-3.2
985	-3.31
986	-5.32
987	-3.72
988	-1.95
989	-0.06
990	-3.68
991	1.6
992	-2.67
993	-0.9
994	-0.79
995	0.27
996	-0.24
997	-1.86
998	-1.17
999	-1.86
1000	0.63
