350	1.62
351	-1.72
352	-0.43
353	1.49
354	-0.96
355	-2.08
356	-2.52
357	1.58
358	-0.46
359	-0.53
360	-1.33
361	-1.38
362	-1.09
363	-7.97
364	1.48
365	2.12
366	1.39
367	-1.56
368	-0.36
369	1.49
370	0.22
371	2.37
372	2.89
373	0.13
374	0.93
375	-0.34
376	3.63
377	0.24
378	0.48
379	1.47
380	-0.03
381	1.45
382	-1.11
383	3.16
384	-1.47
385	-0.69
386	0.1
387	3.49
388	0.36
389	5
390	3.41
391	5.42
392	3.5
393	4.68
394	-1.19
395	3.45
396	-0.29
397	4.29
398	1.87
399	-1.42
400	0.59
401	1.76
402	2.42
403	2.82
404	3.01
405	2.47
406	3.41
407	3.56
408	1.52
409	4.25
410	4.03
411	3.51
412	3.26
413	4.28
414	1.53
415	0.58
416	4.44
417	4.48
418	4.63
419	4.31
420	2.33
421	7.56
422	7.18
423	7.38
424	3.05
425	6.38
426	3.06
427	10.52
428	8.84
429	9.51
430	8.47
431	14.12
432	12.92
433	16.75
434	20.87
435	24.14
436	22.41
437	30.83
438	31.94
439	43.99
440	48.24
441	53.52
442	62.86
443	72.43
444	85.36
445	90.8
446	109.85
447	129.12
448	127.75
449	145.95
450	150.56
451	156.97
452	154.68
453	147.49
454	135.18
455	126.52
456	105.93
457	106.64
458	101.82
459	90.87
460	87.88
461	84.58
462	88.14
463	86.95
464	87.52
465	82.5
466	83.68
467	78.63
468	80.38
469	75.01
470	73.84
471	69.08
472	68.99
473	64.87
474	61.62
475	63.32
476	65.86
477	68.66
478	70.13
479	75.96
480	72.23
481	77.68
482	86.89
483	87.83
484	92.49
485	98.94
486	102.58
487	115.02
488	115.78
489	114.84
490	127.47
491	129.81
492	137.92
493	141.59
494	151.31
495	160.38
496	164.37
497	165.36
498	180.41
499	180.89
500	180.46
501	190.53
502	190.75
503	193.83
504	203.92
505	207.57
506	211.56
507	214.15
508	225.9
509	227.58
510	219.51
511	219.92
512	228.22
513	229.05
514	221.97
515	236.06
516	241.48
517	242.4
518	248.36
519	250.06
520	252.17
521	251.9
522	260.77
523	265.68
524	258.62
525	263.18
526	265.65
527	268.71
528	277.74
529	271.3
530	280.59
531	280.28
532	292.49
533	284.25
534	288.8
535	304.47
536	299.59
537	302.49
538	314.6
539	317.5
540	318.01
541	319.54
542	333.84
543	332.47
544	336.21
545	337.05
546	343.54
547	334.35
548	340.55
549	341.17
550	343.69
551	347.57
552	341.92
553	351.63
554	347.91
555	350.63
556	349.17
557	341.25
558	340.06
559	347.22
560	337.16
561	339.98
562	331.58
563	339.05
564	344.07
565	344.15
566	335.46
567	331.49
568	335.13
569	341.09
570	329.13
571	328.76
572	335.76
573	341.36
574	294.49
575	291.74
576	331.88
577	330.4
578	325.45
579	325.42
580	318.83
581	317.71
582	312.12
583	316.48
584	309.67
585	314.12
586	310.06
587	313.01
588	313.05
589	312.69
590	319.62
591	317.06
592	332.48
593	321.82
594	331.21
595	325.38
596	333.92
597	329.26
598	335.17
599	342.27
600	333.21
601	322.48
602	328.07
603	342.01
604	343.9
605	340.63
606	337.11
607	348.91
608	340.5
609	343.41
610	347.69
611	340
612	332.31
613	341.34
614	343.99
615	338.44
616	329.95
617	335.7
618	337.07
619	330.42
620	328.26
621	332.15
622	313.07
623	315.28
624	320.99
625	312.3
626	307.61
627	310.19
628	297.71
629	298.09
630	286.23
631	287.74
632	290.38
633	280.22
634	280.72
635	271.65
636	274.44
637	262.31
638	256.68
639	257.26
640	257.52
641	246.75
642	243.41
643	237.79
644	234.98
645	237.08
646	226.35
647	230.97
648	214.61
649	216.57
650	211.39
651	221.25
652	209.39
653	206.51
654	202.76
655	196.84
656	202.38
657	192.51
658	199.76
659	191.25
660	182.54
661	179.9
662	179.8
663	181.58
664	173.94
665	176.67
666	169.33
667	171.81
668	170.55
669	164.2
670	165.08
671	163.69
672	160.32
673	152.71
674	160.91
675	153.62
676	154.71
677	156.23
678	158.67
679	153.41
680	159.03
681	149.04
682	151.93
683	149.91
684	141.24
685	131.64
686	139.1
687	142
688	141.4
689	136.5
690	136.5
691	130.29
692	128.45
693	128.64
694	122.36
695	113.91
696	115.46
697	115.19
698	112.16
699	103.31
700	106.16
701	102.35
702	100.37
703	98.94
704	96.69
705	97.76
706	86.05
707	88.16
708	88.48
709	82.09
710	81.91
711	84.47
712	79.4
713	78.93
714	76.11
715	67.8
716	71.36
717	69.36
718	70.56
719	70.44
720	56.51
721	63.5
722	63.56
723	49.65
724	52.5
725	50.54
726	52.26
727	48.4
728	47.88
729	47.62
730	44.51
731	41.7
732	47.53
733	44.37
734	37.33
735	37.6
736	42.56
737	33.53
738	33.52
739	29.65
740	30.43
741	29.55
742	34.23
743	29.7
744	31.96
745	22.98
746	28.47
747	22.99
748	24.54
749	25.31
750	23.44
751	22.42
752	19.88
753	17.53
754	17.66
755	20.14
756	22.12
757	20.18
758	15.11
759	18.67
760	16.77
761	15.27
762	15.17
763	14.47
764	11.86
765	12.28
766	15.46
767	11.53
768	12.51
769	12.51
770	11.8
771	9.99
772	13.43
773	12.76
774	10.9
775	7.02
776	8.23
777	8.38
778	6.4
779	7.57
780	7.32
781	11.31
782	10.77
783	3.5
784	7.52
785	5.81
786	6.83
787	5.41
788	8.44
789	8.8
790	4.2
791	4.62
792	3.71
793	4.59
794	4.34
795	3.53
796	5.55
797	4.74
798	4.12
799	3.17
800	5.16
801	3.75
802	4.05
803	2.08
804	7.29
805	5.58
806	2.03
807	5.39
808	1.35
809	6.23
810	2.06
811	5.06
812	4.48
813	3.58
814	3.45
815	0.4
816	2.95
817	-1.46
818	4.33
819	2.5
820	1.86
821	-0.49
822	-2.19
823	0.65
824	1.33
825	5.11
826	1.21
827	-0.86
828	-0.56
829	0.64
830	1.22
831	3.21
832	0.16
833	-1.88
834	1.81
835	2.51
836	-0.37
837	3.12
838	0.49
839	1.29
840	5.57
841	-0.46
842	2.45
843	-0.36
844	3.76
845	1.77
846	1.38
847	1.53
848	-1.27
849	-2.12
850	-0.6
851	-0.55
852	-0.47
853	-0.25
854	1.3
855	-0.39
856	0.11
857	0.5
858	-1.66
859	2.18
860	1.84
861	0.69
862	1.54
863	0.55
864	3.42
865	0.6
866	1.37
867	1.54
868	0.23
869	2.31
870	1.48
871	-2.14
872	2.77
873	2.44
874	0.14
875	0.69
876	4.52
877	-0.07
878	-1.71
879	4.11
880	-2.56
881	0.55
882	0.06
883	0.24
884	0.72
885	4.33
886	-0.76
887	-0.17
888	-1.39
889	1.45
890	0.04
891	0.24
892	0.66
893	1.42
894	-0.03
895	-0.1
896	1.65
897	0.25
898	2.11
899	-1.24
900	0.46
901	0.07
902	1.21
903	0.8
904	1.81
905	2.24
906	-1.45
907	-1.47
908	-1.77
909	2.35
910	0.47
911	-0.04
912	2.48
913	-0.03
914	2.48
915	-0.2
916	-1.08
917	1.51
918	-1.35
919	0.99
920	-0.62
921	0.62
922	-1.23
923	1.39
924	1.65
925	0.28
926	0.54
927	3.21
928	1.88
929	-0.45
930	0.87
931	-0.93
932	-2.52
933	-0.91
934	-0.86
935	1.12
936	1.59
937	1.97
938	2.51
939	-0.66
940	-1.86
941	-0.47
942	0.1
943	-0.33
944	2.75
945	-0.04
946	1.54
947	-0.86
948	-0.73
949	-2.29
950	-0.44
951	-0.54
952	-2.24
953	0.57
954	-0.74
955	-1.27
956	-0.33
957	-1.47
958	-0.78
959	-0.52
960	-1.53
961	-2.52
962	-1.49
963	-2.19
964	-0.71
965	-1.82
966	-0.4
967	-0.52
968	-0.62
969	-0.68
970	-1.04
971	-1.15
972	-2.69
973	-2.87
974	4.46
975	-0.36
976	-0.25
977	0.84
978	-0.55
979	0.39
980	-1.83
981	1.62
982	3
983	1.51
984	0.71
985	-0.72
986	2.59
987	-1.32
988	-0.22
989	2.91
990	1.44
991	-0.29
992	3.56
993	-0.19
994	3.64
995	-0.05
996	-1.56
997	1.51
998	1.59
999	2.66
1000	1.21
