1,-441613,195158
1,-420727,197597
1,-401665,200109
1,-384198,202496
1,-368134,205563
1,-353310,209375
1,-339589,214103
1,-326851,219738
1,-314995,228868
1,-303931,242204
1,-293584,265232
1,-283886,303617
1,-274777,359078
1,-266205,423705
1,-258125,498652
1,-250495,575345
1,-243278,626297
1,-236442,619968
1,-229958,574457
1,-223798,503048
1,-217940,413429
1,-212362,327883
1,-207043,281217
1,-201967,258230
1,-197117,245666
1,-192478,237614
1,-188037,232567
1,-183782,229411
1,-179700,227235
1,-175783,225452
1,-172019,224509
1,-168400,223968
1,-164918,223851
1,-161565,223444
1,-158334,223493
1,-155219,223942
1,-152213,224376
1,-149312,224502
1,-146508,225479
1,-143799,225471
1,-141178,225583
1,-138642,226426
1,-136187,226601
1,-133808,227369
1,-131503,227792
1,-129267,228077
1,-127099,229200
1,-124994,229469
1,-122951,229687
1,-120966,229989
1,-119037,230601
1,-117162,230853
1,-115338,231505
1,-113563,231932
1,-111836,232815
1,-110154,233238
1,-108516,233575
1,-106920,234417
1,-105365,235171
1,-103849,235859
1,-102370,236553
1,-100927,237073
1,-99518.6,237875
1,-98144.1,237986
1,-96802,238933
1,-95491.1,239058
1,-94210.4,239662
1,-92958.9,240643
1,-91735.4,241113
1,-90539.3,241824
1,-89369.4,242240
1,-88225,242428
1,-87105.2,243636
1,-86009.3,243557
1,-84936.4,244335
1,-83886,245049
1,-82857.2,245417
1,-81849.4,245544
1,-80862.1,246039
1,-79894.5,246514
1,-78946,247233
1,-78016.2,247721
1,-77104.5,248170
1,-76210.3,248605
1,-75333.1,248904
1,-74472.5,248693
1,-73628.1,249443
1,-72799.2,249242
1,-71985.6,249491
1,-71186.8,249453
1,-70402.4,249083
1,-69632.1,247973
1,-68875.3,247501
1,-68131.9,246780
1,-67401.4,245064
1,-66683.5,243640
1,-65977.9,240834
1,-65284.2,237543
1,-64602.3,233482
1,-63931.7,229023
1,-63272.2,223610
1,-62623.5,217703
1,-61985.4,211109
1,-61357.5,204357
1,-60739.8,198265
1,-60131.8,191544
1,-59533.4,185733
1,-58944.4,179925
1,-58364.5,173431
1,-57793.6,167732
1,-57231.3,162504
1,-56677.6,156636
1,-56132.2,150745
1,-55595,145352
1,-55065.7,139097
1,-54544.3,133443
1,-54030.4,127802
1,-53524,122149
1,-53024.9,117016
1,-52532.9,112576
1,-52047.9,108181
1,-51569.8,104276
1,-51098.3,100946
1,-50633.4,97774
1,-50174.9,95001
1,-49722.7,92528
1,-49276.6,90139
1,-48836.6,88238
1,-48402.5,86271
1,-47974.2,84832
1,-47551.5,83150
1,-47134.5,81833
1,-46722.8,80622
1,-46316.6,79654
1,-45915.5,79011
1,-45519.7,78106
1,-45128.8,77605
1,-44742.9,77165
1,-44361.9,76692
1,-43985.6,76514
1,-43614.1,76204
1,-43247.1,75936
1,-42884.6,75886
1,-42526.5,75814
1,-42172.8,75654
1,-41823.3,75639
1,-41478.1,75477
1,-41136.9,75427
1,-40799.8,75505
1,-40466.6,75378
1,-40137.4,75271
1,-39811.9,75339
1,-39490.3,75466
1,-39172.3,75262
1,-38858,75297
1,-38547.3,75124
1,-38240,75140
1,-37936.2,75137
1,-37635.9,75290
1,-37338.8,75071
1,-37045.1,75140
1,-36754.5,75087
1,-36467.2,75119
1,-36182.9,75089
1,-35901.8,75173
1,-35623.7,75106
1,-35348.5,75175
1,-35076.3,75094
1,-34806.9,75206
1,-34540.4,75210
1,-34276.7,75168
1,-34015.7,75083
1,-33757.5,75206
1,-33501.9,75183
1,-33248.9,75230
1,-32998.5,75227
1,-32750.7,75272
1,-32505.3,75339
1,-32262.5,75359
1,-32022,75399
1,-31784,75511
1,-31548.3,75631
1,-31314.9,75546
1,-31083.8,75632
1,-30855,75619
1,-30628.4,75737
1,-30404,75798
1,-30181.7,75796
1,-29961.6,75968
1,-29743.6,75998
1,-29527.6,76126
1,-29313.7,76154
1,-29101.8,76049
1,-28891.8,76194
1,-28683.8,76325
1,-28477.8,76308
1,-28273.6,76330
1,-28071.4,76334
1,-27870.9,76384
1,-27672.3,76478
1,-27475.5,76600
1,-27280.5,76419
1,-27087.2,76662
1,-26895.6,76503
1,-26705.8,76481
1,-26517.6,76673
1,-26331.1,76640
1,-26146.2,76805
1,-25963,76896
1,-25781.3,77140
1,-25601.2,77344
1,-25422.7,77488
1,-25245.6,77864
1,-25070.1,78379
1,-24896.1,78727
1,-24723.6,79470
1,-24552.6,80193
1,-24382.9,81152
1,-24214.7,82091
1,-24047.9,83276
1,-23882.5,84587
1,-23718.4,86149
1,-23555.7,88008
1,-23394.3,89716
1,-23234.3,92308
1,-23075.5,95236
1,-22918.1,98616
1,-22761.9,102222
1,-22606.9,106106
1,-22453.2,109927
1,-22300.8,114251
1,-22149.5,118769
1,-21999.4,124015
1,-21850.5,129837
1,-21702.8,135591
1,-21556.3,141699
1,-21410.8,147719
1,-21266.5,153542
1,-21123.4,159356
1,-20981.3,165846
1,-20840.3,172129
1,-20700.4,178587
1,-20561.5,185549
1,-20423.7,191876
1,-20287,198300
1,-20151.3,204604
1,-20016.6,211146
1,-19882.9,217533
1,-19750.1,224182
1,-19618.4,229212
1,-19487.7,234525
1,-19357.9,238889
1,-19229,243147
1,-19101.1,247497
1,-18974.2,252317
1,-18848.1,257221
1,-18723,263537
1,-18598.7,268404
1,-18475.4,272642
1,-18352.9,275970
1,-18231.3,278667
1,-18110.6,280713
1,-17990.7,283404
1,-17871.7,286617
1,-17753.5,290603
1,-17636.1,294902
1,-17519.6,299686
1,-17403.8,304341
1,-17288.9,308411
1,-17174.7,311261
1,-17061.4,313364
1,-16948.8,315226
1,-16837,317336
1,-16725.9,319622
1,-16615.6,323708
1,-16506,327283
1,-16397.2,332543
1,-16289.1,335945
1,-16181.8,339854
1,-16075.1,343626
1,-15969.2,345164
1,-15863.9,346564
1,-15759.4,348538
1,-15655.5,350873
1,-15552.4,353946
1,-15449.9,356527
1,-15348,361009
1,-15246.9,364122
1,-15146.3,367207
1,-15046.5,369484
1,-14947.2,370478
1,-14848.7,371216
1,-14750.7,372460
1,-14653.4,374314
1,-14556.6,375665
1,-14460.5,378685
1,-14365,381058
1,-14270.1,383869
1,-14175.8,386909
1,-14082.1,388888
1,-13989,390160
1,-13896.5,390285
1,-13804.5,391669
1,-13713.1,393213
1,-13622.2,394369
1,-13531.9,396070
1,-13442.2,398779
1,-13353,398810
1,-13264.4,400989
1,-13176.3,403109
1,-13088.7,404250
1,-13001.6,405059
1,-12915.1,405706
1,-12829.1,406283
1,-12743.6,407831
1,-12658.6,408780
1,-12574.1,409432
1,-12490.2,411630
1,-12406.7,413404
1,-12323.7,414126
1,-12241.2,415190
1,-12159.1,416057
1,-12077.6,416588
1,-11996.5,417823
1,-11915.9,418301
1,-11835.8,419147
1,-11756.1,420286
1,-11676.9,421469
1,-11598.1,423178
1,-11519.8,423986
1,-11442,424840
1,-11364.6,425395
1,-11287.6,425894
1,-11211,425795
1,-11134.9,426534
1,-11059.2,427658
1,-10984,428731
1,-10909.1,428734
1,-10834.7,430279
1,-10760.7,431288
1,-10687.1,432663
1,-10613.9,433255
1,-10541.1,433684
1,-10468.7,434290
1,-10396.7,435403
1,-10325.1,435210
1,-10253.9,436037
1,-10183,436527
1,-10112.6,437515
1,-10042.5,437930
1,-9972.86,437685
1,-9903.55,438972
1,-9834.62,439416
1,-9766.05,439954
1,-9697.85,440845
1,-9630.01,442084
1,-9562.53,442181
1,-9495.41,442472
1,-9428.64,443141
1,-9362.22,442418
1,-9296.16,443499
1,-9230.44,444947
1,-9165.06,445608
1,-9100.02,445767
1,-9035.32,446388
1,-8970.96,446919
1,-8906.93,447353
1,-8843.22,448298
1,-8779.85,449115
1,-8716.8,449149
1,-8654.08,449640
1,-8591.67,450743
1,-8529.58,451192
1,-8467.81,452064
1,-8406.35,452136
1,-8345.2,452777
1,-8284.36,453785
1,-8223.82,453666
1,-8163.59,454498
1,-8103.66,455229
1,-8044.03,454923
1,-7984.69,456307
1,-7925.65,456254
1,-7866.9,457434
1,-7808.45,458053
1,-7750.28,457781
1,-7692.39,458384
1,-7634.79,459049
1,-7577.47,459174
1,-7520.44,460203
1,-7463.67,461169
1,-7407.19,461890
1,-7350.98,461604
1,-7295.04,462738
1,-7239.37,462837
1,-7183.96,463620
1,-7128.82,464617
1,-7073.95,464642
1,-7019.34,464989
1,-6964.99,465449
1,-6910.9,466546
1,-6857.06,466716
1,-6803.48,468563
1,-6750.15,468503
1,-6697.07,468827
1,-6644.24,469741
1,-6591.66,470325
1,-6539.32,470644
1,-6487.23,471976
1,-6435.38,472007
1,-6383.77,472602
1,-6332.4,473451
1,-6281.27,474202
1,-6230.38,473911
1,-6179.71,475211
1,-6129.28,475867
1,-6079.08,476698
1,-6029.11,476127
1,-5979.37,477222
1,-5929.86,477775
1,-5880.56,478793
1,-5831.5,479136
1,-5782.65,479639
1,-5734.02,480342
1,-5685.61,481540
1,-5637.42,481817
1,-5589.45,482322
1,-5541.69,482415
1,-5494.14,484113
1,-5446.8,484107
1,-5399.67,485131
1,-5352.76,485141
1,-5306.04,485904
1,-5259.54,487438
1,-5213.24,488320
1,-5167.14,487794
1,-5121.24,488432
1,-5075.55,489278
1,-5030.05,490542
1,-4984.75,490739
1,-4939.65,491784
1,-4894.75,492251
1,-4850.03,492449
1,-4805.51,492686
1,-4761.18,493126
1,-4717.05,494307
1,-4673.1,494618
1,-4629.34,494784
1,-4585.76,495497
1,-4542.37,495339
1,-4499.17,497271
1,-4456.15,497301
1,-4413.31,497913
1,-4370.65,498472
1,-4328.17,499195
1,-4285.87,499686
1,-4243.74,500423
1,-4201.8,500843
1,-4160.02,501371
1,-4118.43,501314
1,-4077,502299
1,-4035.75,503542
1,-3994.67,503115
1,-3953.76,503793
1,-3913.01,504346
1,-3872.44,504825
1,-3832.03,505869
1,-3791.78,506233
1,-3751.7,506938
1,-3711.79,507927
1,-3672.04,508527
1,-3632.45,509528
1,-3593.02,509834
1,-3553.74,510244
1,-3514.63,510835
1,-3475.68,511005
1,-3436.88,511823
1,-3398.24,512198
1,-3359.75,513090
1,-3321.42,513536
1,-3283.24,514152
1,-3245.21,514472
1,-3207.34,515035
1,-3169.61,515624
1,-3132.03,516641
1,-3094.61,516582
1,-3057.33,517048
1,-3020.19,517733
1,-2983.21,518055
1,-2946.36,518857
1,-2909.66,520229
1,-2873.11,520027
1,-2836.7,520581
1,-2800.43,521868
1,-2764.3,522126
1,-2728.31,523316
1,-2692.46,523484
1,-2656.74,524321
1,-2621.17,524329
1,-2585.73,525863
1,-2550.43,526050
1,-2515.27,527296
1,-2480.23,527408
1,-2445.34,528615
1,-2410.57,528556
1,-2375.94,529298
1,-2341.44,529928
1,-2307.07,530163
1,-2272.83,531269
1,-2238.71,531411
1,-2204.73,532950
1,-2170.88,533241
1,-2137.15,533075
1,-2103.55,534339
1,-2070.07,534753
1,-2036.72,535801
1,-2003.49,536267
1,-1970.39,536850
1,-1937.41,538308
1,-1904.55,538997
1,-1871.81,540316
1,-1839.2,540233
1,-1806.7,541945
1,-1774.33,542053
1,-1742.07,542317
1,-1709.93,543588
1,-1677.91,543135
1,-1646,543915
1,-1614.21,544598
1,-1582.54,544140
1,-1550.98,545425
1,-1519.54,544801
1,-1488.21,545326
1,-1456.99,545602
1,-1425.89,545794
1,-1394.9,546633
1,-1364.02,547259
1,-1333.25,547514
1,-1302.58,548398
1,-1272.03,547634
1,-1241.59,549251
1,-1211.26,549589
1,-1181.03,550089
1,-1150.91,550322
1,-1120.9,552125
1,-1091,552698
1,-1061.2,553261
1,-1031.5,553730
1,-1001.91,554469
1,-972.424,554936
1,-943.04,555155
1,-913.759,555845
1,-884.58,557247
1,-855.503,558672
1,-826.527,559076
1,-797.652,559840
1,-768.877,559806
1,-740.201,560800
1,-711.624,561046
1,-683.146,561008
1,-654.766,562116
1,-626.484,562192
1,-598.299,563292
1,-570.21,563488
1,-542.217,564045
1,-514.32,564703
1,-486.518,564754
1,-458.81,565448
1,-431.197,566637
1,-403.677,567692
1,-376.25,568444
1,-348.916,569207
1,-321.674,569627
1,-294.524,570177
1,-267.465,570302
1,-240.497,571991
1,-213.62,572472
1,-186.832,572535
1,-160.134,573413
1,-133.524,574252
1,-107.004,574773
1,-80.571,575550
1,-54.2261,576025
1,-27.9685,577797
1,-1.79762,577938
1,24.2868,578763
1,50.2853,580441
1,76.1983,581175
1,102.026,581245
1,127.769,582396
1,153.428,583539
1,179.003,584056
1,204.495,586874
1,229.903,587499
1,255.229,589041
1,280.473,591820
1,305.634,592976
1,330.715,594634
1,355.714,597576
1,380.633,600899
1,405.471,605624
1,430.229,613275
1,454.908,626302
1,479.508,650855
1,504.029,704702
1,528.472,831075
1,552.837,1.06283e+006
1,577.124,1.40367e+006
1,601.334,1.74892e+006
1,625.467,1.94292e+006
1,649.524,1.95893e+006
1,673.504,1.81079e+006
1,697.409,1.52385e+006
1,721.238,1.14632e+006
1,744.992,854163
1,768.672,713731
1,792.277,661200
1,815.808,638440
1,839.266,625146
1,862.65,617406
1,885.961,612252
1,909.199,609028
1,932.366,607034
1,955.46,605661
1,978.483,605097
1,1001.43,602730
1,1024.31,603997
1,1047.12,603942
1,1069.86,603056
1,1092.53,603070
1,1115.13,603061
1,1137.66,602392
1,1160.12,603266
1,1182.52,603924
1,1204.84,603362
1,1227.1,603340
1,1249.29,603555
1,1271.41,604265
1,1293.46,604523
1,1315.45,604674
1,1337.37,604337
1,1359.22,604289
1,1381.01,605410
1,1402.74,606245
1,1424.39,606122
1,1445.99,607801
1,1467.51,607103
1,1488.98,607540
1,1510.38,607799
1,1531.71,608169
1,1552.98,609188
1,1574.19,609275
1,1595.34,608633
1,1616.42,611317
1,1637.44,610469
1,1658.4,611855
1,1679.29,612389
1,1700.13,612703
1,1720.9,613187
1,1741.61,613321
1,1762.26,614101
1,1782.85,614548
1,1803.38,614267
1,1823.85,615414
1,1844.26,616362
1,1864.61,615979
1,1884.9,617790
1,1905.14,618138
1,1925.31,620202
1,1945.42,623373
1,1965.48,627114
1,1985.48,632200
1,2005.42,636514
1,2025.31,639821
1,2045.13,641895
1,2064.9,641445
1,2084.61,640135
1,2104.27,638982
1,2123.87,636944
1,2143.41,635534
1,2162.9,636140
1,2182.34,636535
1,2201.71,636995
1,2221.04,636295
1,2240.3,637850
1,2259.52,638711
1,2278.67,639194
1,2297.78,637655
1,2316.83,637694
1,2335.83,635909
1,2354.77,635163
1,2373.66,633823
1,2392.5,633532
1,2411.28,632590
1,2430.01,632877
1,2448.69,632888
1,2467.32,633357
1,2485.9,633884
1,2504.42,633720
1,2522.89,633987
1,2541.32,634952
1,2559.69,635204
1,2578,634843
1,2596.27,635918
1,2614.49,635564
1,2632.66,635520
1,2650.78,635869
1,2668.85,636065
1,2686.87,637000
1,2704.83,637138
1,2722.76,636930
1,2740.63,637177
1,2758.45,638871
1,2776.22,638582
1,2793.95,638576
1,2811.63,639097
1,2829.26,639759
1,2846.84,639877
1,2864.37,640236
1,2881.86,640181
1,2899.3,640506
1,2916.69,640410
1,2934.04,641426
1,2951.33,641442
1,2968.59,642698
1,2985.79,642214
1,3002.95,642512
1,3020.07,644212
1,3037.14,644082
1,3054.16,644059
1,3071.14,643989
1,3088.07,645043
1,3104.96,645148
1,3121.8,645860
1,3138.6,645663
1,3155.35,645521
1,3172.06,645690
1,3188.73,645946
1,3205.35,646784
1,3221.93,647292
1,3238.46,647589
1,3254.95,648859
1,3271.4,648554
1,3287.8,648121
1,3304.17,649613
1,3320.48,649994
1,3336.76,649809
1,3352.99,650852
1,3369.19,650951
1,3385.34,652293
1,3401.44,652069
1,3417.51,651442
1,3433.53,652964
1,3449.52,653808
1,3465.46,653602
1,3481.36,653851
1,3497.22,654528
1,3513.04,655754
1,3528.82,656657
1,3544.55,656898
1,3560.25,658008
1,3575.91,658656
1,3591.53,659384
1,3607.1,659036
1,3622.64,660229
1,3638.14,659717
1,3653.6,660579
1,3669.02,661093
1,3684.4,660625
1,3699.74,660685
1,3715.04,660540
1,3730.31,660966
1,3745.53,660783
1,3760.72,661456
1,3775.87,662696
1,3790.98,662274
1,3806.05,662574
1,3821.09,663602
1,3836.09,663052
1,3851.05,664290
1,3865.97,663887
1,3880.86,664527
1,3895.71,665056
1,3910.52,666185
1,3925.29,665739
1,3940.03,667809
1,3954.73,668212
1,3969.4,668972
1,3984.03,671885
1,3998.62,672343
1,4013.18,673283
1,4027.7,674232
1,4042.18,674998
1,4056.63,673442
1,4071.05,673194
1,4085.42,674552
1,4099.77,674657
1,4114.08,674509
1,4128.35,675888
1,4142.59,676827
1,4156.79,678080
1,4170.96,678264
1,4185.1,678782
1,4199.2,678750
1,4213.27,680350
1,4227.3,681946
1,4241.3,681600
1,4255.26,683562
1,4269.19,684676
1,4283.09,685322
1,4296.95,685544
1,4310.78,687098
1,4324.58,687712
1,4338.35,689396
1,4352.08,690353
1,4365.78,691307
1,4379.44,691666
1,4393.08,693492
1,4406.68,694357
1,4420.25,696101
1,4433.78,697415
1,4447.29,698719
1,4460.76,700325
1,4474.2,702418
1,4487.61,704027
1,4500.98,707302
1,4514.33,709347
1,4527.64,711167
1,4540.92,714095
1,4554.17,716751
1,4567.39,720494
1,4580.58,722850
1,4593.74,725388
1,4606.87,730332
1,4619.96,735322
1,4633.03,742656
1,4646.06,755582
1,4659.07,779259
1,4672.04,807650
1,4684.99,827664
1,4697.9,841065
1,4710.78,846282
1,4723.64,844004
1,4736.46,829233
1,4749.26,812586
1,4762.02,802958
1,4774.76,802721
1,4787.47,806701
1,4800.14,815552
1,4812.79,825231
1,4825.41,836562
1,4838,851848
1,4850.56,870844
1,4863.09,893835
1,4875.6,924212
1,4888.07,961703
1,4900.52,1.01345e+006
1,4912.94,1.08753e+006
1,4925.33,1.20307e+006
1,4937.69,1.39521e+006
1,4950.03,1.70494e+006
1,4962.33,2.28315e+006
1,4974.61,4.11689e+006
1,4986.86,6.24436e+006
1,4999.08,6.5535e+006
1,5011.28,6.5535e+006
1,5023.45,6.5535e+006
1,5035.59,6.5535e+006
1,5047.7,6.5535e+006
1,5059.79,6.5535e+006
1,5071.84,6.423e+006
1,5083.88,4.55675e+006
1,5095.88,3.17492e+006
1,5107.86,2.43281e+006
1,5119.81,1.97538e+006
1,5131.73,1.67256e+006
1,5143.63,1.46698e+006
1,5155.5,1.3216e+006
1,5167.35,1.21177e+006
1,5179.17,1.13037e+006
1,5190.96,1.06456e+006
1,5202.72,1.01386e+006
1,5214.46,971913
1,5226.18,937562
1,5237.87,909844
1,5249.53,886596
1,5261.16,867324
1,5272.78,850959
1,5284.36,835474
1,5295.92,822682
1,5307.46,811635
1,5318.96,801410
1,5330.45,793104
1,5341.91,783979
1,5353.34,776970
1,5364.75,769428
1,5376.13,762946
1,5387.49,758082
1,5398.83,753060
1,5410.14,750404
1,5421.42,745978
1,5432.68,742251
1,5443.92,738667
1,5455.13,735815
1,5466.32,732348
1,5477.48,729849
1,5488.62,728177
1,5499.74,724836
1,5510.83,723659
1,5521.9,720579
1,5532.94,718994
1,5543.96,717871
1,5554.96,715416
1,5565.93,713620
1,5576.88,712334
1,5587.81,711176
1,5598.71,709932
1,5609.59,708437
1,5620.45,705812
1,5631.28,706263
1,5642.09,705497
1,5652.88,703810
1,5663.64,702169
1,5674.39,701042
1,5685.1,701747
1,5695.8,699847
1,5706.48,699354
1,5717.13,698059
1,5727.76,697476
1,5738.36,697490
1,5748.95,696505
1,5759.51,696038
1,5770.05,695745
1,5780.56,695271
1,5791.06,693726
1,5801.53,693590
1,5811.99,693900
1,5822.42,693164
1,5832.82,692588
1,5843.21,691878
1,5853.57,691678
1,5863.92,691253
1,5874.24,690438
1,5884.54,690847
1,5894.82,690800
1,5905.08,691026
1,5915.31,691352
1,5925.53,689050
1,5935.72,689549
1,5945.9,689794
1,5956.05,688964
1,5966.18,687426
1,5976.29,686740
1,5986.38,687254
1,5996.45,687148
1,6006.5,686785
1,6016.53,685751
1,6026.53,686777
1,6036.52,687110
1,6046.49,685879
1,6056.43,686343
1,6066.36,687344
1,6076.27,686831
1,6086.15,685665
1,6096.02,686554
1,6105.86,685711
1,6115.69,685239
1,6125.49,684628
1,6135.28,684798
1,6145.05,684543
1,6154.79,683353
1,6164.52,683742
1,6174.23,682479
1,6183.91,681251
1,6193.58,680875
1,6203.23,680405
1,6212.86,679902
1,6222.47,679481
1,6232.06,680246
1,6241.63,679456
1,6251.19,679483
1,6260.72,678612
1,6270.23,678655
1,6279.73,678728
1,6289.21,678378
1,6298.66,679165
1,6308.1,678275
1,6317.52,677531
1,6326.92,677811
1,6336.31,678733
1,6345.67,677435
1,6355.02,677660
1,6364.34,676581
1,6373.65,677260
1,6382.94,676928
1,6392.22,676988
1,6401.47,676379
1,6410.71,676606
1,6419.92,676163
1,6429.12,674992
1,6438.31,675647
1,6447.47,675307
1,6456.62,675483
1,6465.74,673777
1,6474.85,675259
1,6483.95,674751
1,6493.02,674489
1,6502.08,673697
1,6511.12,674933
1,6520.14,674868
1,6529.14,674036
1,6538.13,673973
1,6547.1,673261
1,6556.05,673754
1,6564.99,672895
1,6573.91,673731
1,6582.81,673286
1,6591.69,672631
1,6600.56,672619
1,6609.4,673265
1,6618.24,671808
1,6627.05,672303
1,6635.85,671246
1,6644.63,670788
1,6653.4,670666
1,6662.14,670467
1,6670.87,670457
1,6679.59,670109
1,6688.29,669306
1,6696.97,669393
1,6705.63,669461
1,6714.28,669847
1,6722.91,670121
1,6731.53,669519
1,6740.13,668833
1,6748.71,669013
1,6757.28,668880
1,6765.83,668899
1,6774.36,668557
1,6782.88,668713
1,6791.38,667882
1,6799.87,667802
1,6808.34,667689
1,6816.79,666956
1,6825.23,667477
1,6833.65,668215
1,6842.06,667467
1,6850.45,667314
1,6858.83,667240
1,6867.19,666644
1,6875.53,666302
1,6883.86,665877
1,6892.17,666490
1,6900.47,666513
1,6908.75,665434
1,6917.02,665629
1,6925.27,666574
1,6933.5,667058
1,6941.73,665989
1,6949.93,666512
1,6958.12,665753
1,6966.3,665989
1,6974.46,665279
1,6982.6,664755
1,6990.73,665337
1,6998.85,664828
1,7006.95,664634
1,7015.03,663909
1,7023.1,663322
1,7031.16,664174
1,7039.2,662748
1,7047.22,662798
1,7055.24,663074
1,7063.23,662779
1,7071.21,662157
1,7079.18,661754
1,7087.13,661329
1,7095.07,662101
1,7103,661452
1,7110.91,660944
1,7118.8,661550
1,7126.68,661610
1,7134.55,661786
1,7142.4,660700
1,7150.24,662562
1,7158.06,662450
1,7165.87,662100
1,7173.67,662227
1,7181.45,663374
1,7189.22,663410
1,7196.97,663259
1,7204.71,664218
1,7212.44,665364
1,7220.15,666265
1,7227.85,667514
1,7235.53,668004
1,7243.2,670260
1,7250.86,670226
1,7258.5,670872
1,7266.13,671194
1,7273.75,671903
1,7281.35,673791
1,7288.94,677093
1,7296.51,679709
1,7304.08,683050
1,7311.62,686973
1,7319.16,694285
1,7326.68,703404
1,7334.19,714960
1,7341.68,735411
1,7349.17,767460
1,7356.63,814204
1,7364.09,884894
1,7371.53,1.05955e+006
1,7378.96,1.66494e+006
1,7386.38,2.82698e+006
1,7393.78,3.72695e+006
1,7401.17,4.14384e+006
1,7408.55,4.28581e+006
1,7415.91,4.27468e+006
1,7423.26,3.92619e+006
1,7430.6,2.93825e+006
1,7437.93,1.90706e+006
1,7445.24,1.33835e+006
1,7452.54,1.09479e+006
1,7459.83,978215
1,7467.1,909675
1,7474.36,873710
1,7481.61,894827
1,7488.85,1.06238e+006
1,7496.07,1.40833e+006
1,7503.28,1.68913e+006
1,7510.48,1.82086e+006
1,7517.67,1.86379e+006
1,7524.84,1.8551e+006
1,7532,1.74215e+006
1,7539.15,1.43353e+006
1,7546.29,1.0943e+006
1,7553.41,894958
1,7560.52,801682
1,7567.62,755490
1,7574.71,724280
1,7581.79,702734
1,7588.85,688060
1,7595.9,678253
1,7602.94,670305
1,7609.97,663769
1,7616.98,659762
1,7623.99,654917
1,7630.98,651172
1,7637.96,648062
1,7644.92,644106
1,7651.88,642403
1,7658.82,640342
1,7665.75,637823
1,7672.67,636405
1,7679.58,634986
1,7686.48,633773
1,7693.36,632142
1,7700.24,630302
1,7707.1,629280
1,7713.95,628539
1,7720.79,626246
1,7727.61,626775
1,7734.43,625009
1,7741.23,624085
1,7748.02,624127
1,7754.8,622879
1,7761.57,621938
1,7768.33,620737
1,7775.08,620371
1,7781.81,618686
1,7788.54,619417
1,7795.25,618071
1,7801.95,617097
1,7808.64,616671
1,7815.32,615785
1,7821.99,615223
1,7828.64,614136
1,7835.29,613197
1,7841.92,612963
1,7848.55,611746
1,7855.16,611710
1,7861.76,612326
1,7868.35,610994
1,7874.93,611172
1,7881.5,610125
1,7888.06,609517
1,7894.61,609625
1,7901.14,608398
1,7907.67,607427
1,7914.18,606683
1,7920.69,606197
1,7927.18,605659
1,7933.66,604708
1,7940.13,605126
1,7946.59,603994
1,7953.05,604035
1,7959.49,602685
1,7965.91,602399
1,7972.33,601824
1,7978.74,601739
1,7985.14,600670
1,7991.53,600320
1,7997.9,599265
1,8004.27,598561
1,8010.63,598352
1,8016.97,597908
1,8023.31,598061
1,8029.63,596536
1,8035.95,596882
1,8042.25,595259
1,8048.55,595565
1,8054.83,595101
1,8061.11,595169
1,8067.37,594364
1,8073.62,594038
1,8079.87,593917
1,8086.1,593470
1,8092.33,592799
1,8098.54,592224
1,8104.74,591191
1,8110.94,591631
1,8117.12,591455
1,8123.29,590513
1,8129.46,590995
1,8135.61,589891
1,8141.76,589450
1,8147.89,588896
1,8154.01,587400
1,8160.13,588030
1,8166.23,587383
1,8172.33,586655
1,8178.41,587108
1,8184.49,586096
1,8190.56,585966
1,8196.61,585152
1,8202.66,584987
1,8208.7,584565
1,8214.72,583718
1,8220.74,583924
1,8226.75,582354
1,8232.75,581217
1,8238.74,580975
1,8244.72,581348
1,8250.69,580188
1,8256.65,580083
1,8262.6,578508
1,8268.54,578771
1,8274.48,577461
1,8280.4,576798
1,8286.31,576306
1,8292.22,575137
1,8298.12,574200
1,8304,573343
1,8309.88,572250
1,8315.75,570610
1,8321.61,570464
1,8327.46,568442
1,8333.3,568751
1,8339.13,567631
1,8344.95,566290
1,8350.76,566269
1,8356.57,564620
1,8362.36,562747
1,8368.15,562524
1,8373.93,561758
1,8379.69,559637
1,8385.45,558199
1,8391.2,557571
1,8396.95,555970
1,8402.68,554301
1,8408.4,552594
1,8414.12,551513
1,8419.82,550675
1,8425.52,548470
1,8431.21,547777
1,8436.89,545931
1,8442.56,544593
1,8448.22,542232
1,8453.87,541507
1,8459.52,539663
1,8465.15,537875
1,8470.78,536362
1,8476.4,534863
1,8482.01,533999
1,8487.61,532703
1,8493.21,531289
1,8498.79,530106
1,8504.37,528826
1,8509.93,527143
1,8515.49,526076
1,8521.04,524152
1,8526.59,523368
1,8532.12,521450
1,8537.64,519564
1,8543.16,517757
1,8548.67,516327
1,8554.17,514227
1,8559.66,512375
1,8565.15,510888
1,8570.62,508676
1,8576.09,506690
1,8581.55,504759
1,8587,503424
1,8592.44,500005
1,8597.87,498397
1,8603.3,495656
1,8608.72,493487
1,8614.13,491545
1,8619.53,489550
1,8624.92,487230
1,8630.3,485224
1,8635.68,482367
1,8641.05,480460
1,8646.41,477741
1,8651.76,475419
1,8657.11,473721
1,8662.45,471502
1,8667.78,469181
1,8673.1,466968
1,8678.41,464002
1,8683.72,461970
1,8689.01,459159
1,8694.3,456334
1,8699.58,454737
1,8704.86,452365
1,8710.12,449673
1,8715.38,446596
1,8720.63,445144
1,8725.87,442766
1,8731.11,440078
1,8736.34,438307
1,8741.56,435086
1,8746.77,432814
1,8751.97,429892
1,8757.17,428097
1,8762.36,425696
1,8767.54,423317
1,8772.71,420564
